0, 66.59827668625208, Server_01, 4.9999536060530145, 8865.494949843911, 0.0, 7
1, 70.04153051022594, Server_01, 4.9999536060530145, 8863.391671245168, 0.0, 7
2, 73.48398133496819, Server_01, 4.9999536060530145, 8865.494949843947, 0.0, 7
3, 76.99206979939929, Server_01, 4.9999536060530145, 8696.80301446719, 0.0, 7
4, 80.63631609624395, Server_01, 4.9999536060530145, 8366.564171533013, 0.0, 7
5, 84.1427361322964, Server_01, 4.9999536060530145, 8701.011401604492, 0.0, 7
6, 87.81507691142903, Server_01, 4.9999536060530145, 8301.520571038049, 0.0, 7
7, 91.64181932161053, Server_01, 4.9999536060530145, 8014.8900303163655, 0.0, 7
8, 95.86061758886473, Server_01, 4.9999536060530145, 7285.410624724404, 0.0, 7
9, 100.20568515198114, Server_01, 4.9999536060530145, 6998.680062514162, 0.0, 7
10, 104.4734198204841, Server_01, 4.9999536060530145, 7127.2625760933715, 0.0, 7
11, 108.70943415490953, Server_01, 4.9999536060530145, 7181.381261803121, 0.0, 7
12, 113.26274813850662, Server_01, 4.9999536060530145, 6674.4253396514805, 0.0, 7
13, 117.68741441492655, Server_01, 4.9999536060530145, 6871.087196322444, 0.0, 7
14, 122.19887154021296, Server_01, 4.9999536060530145, 6737.164164916091, 0.0, 7
15, 126.4458946908625, Server_01, 4.9999536060530145, 7162.50602748104, 0.0, 7
16, 131.22763982473307, Server_01, 4.9999536060530145, 6351.625836234795, 0.0, 7
17, 136.35817175362556, Server_01, 4.9999536060530145, 5914.841741627054, 0.0, 7
18, 139.69997025220985, Server_01, 4.694143310325732, 5818.923213890711, 0.0, 6
19, 143.12765988168402, Server_01, 4.694143310325732, 5750.401077949041, 0.0, 6
20, 146.2600622712582, Server_01, 4.694143310325732, 6215.317621695762, 0.0, 6
21, 150.03637103777214, Server_01, 4.9999536060530145, 8090.502717669716, 0.0, 7
22, 155.07397328656023, Server_01, 4.9999536060530145, 6092.936433724627, 0.0, 7
23, 160.9864448999621, Server_01, 4.9999536060530145, 5124.765303910481, 0.0, 7
24, 164.7736466977721, Server_01, 4.694143310325732, 5515.709975839706, 0.0, 6
25, 168.46801348315276, Server_01, 4.694143310325732, 5254.657991439439, 0.0, 6
26, 171.70683338349636, Server_01, 4.694143310325732, 6007.342320607547, 0.0, 6
27, 175.52478995091673, Server_01, 4.9999536060530145, 8034.817330223359, 0.0, 7
28, 186.72169423730813, Server_01, 4.9999536060530145, 4887.299455818649, 0.0, 7
29, 190.80173117961618, Server_01, 4.694143310325732, 4765.237225342414, 0.0, 6
30, 193.77955269703043, Server_01, 4.694143310325732, 6544.429719498575, 0.0, 6
31, 205.67669767361332, Server_01, 4.9999536060530145, 8632.778119241944, 0.0, 7
32, 217.25544653625667, Server_01, 4.9999536060530145, 8865.494949843911, 0.0, 7
33, 228.98396153625723, Server_01, 4.9999536060530145, 8865.494949843911, 0.0, 7
34, 240.71247653625778, Server_01, 4.9999536060530145, 8865.494949843911, 0.0, 7
35, 249.39586643316557, Server_01, 1.8345453329022927, 7136.848893595153, 2.797589746913502, 1
36, 261.5761768393637, Server_01, 3.1353975666071694, 8140.447404232067, 9.977900153111648, 7
37, 268.2486632157635, Server_01, 3.945129240149538, 5468.921255603375, 11.650386529511422, 7
38, 272.5695745487887, Server_01, 4.694143310325732, 5433.547864613074, 11.650386529511422, 6
39, 274.8789128576342, Server_01, 3.164707984766047, 7136.848893595153, 11.650386529511422, 1
40, 284.53951183011304, Server_01, 4.072360168159408, 6624.454619999771, 12.941235143860979, 7
41, 291.185235082348, Server_01, 3.953308513750506, 4585.3497737710395, 14.586958396095952, 7
42, 294.47281498839, Server_01, 4.694143310325732, 6262.776169161574, 14.586958396095952, 6
43, 296.3860833449856, Server_01, 3.164707984766047, 7136.848893595153, 14.586958396095952, 1
44, 303.665575115235, Server_01, 4.9999536060530145, 5502.459378244494, 14.586958396095952, 7
45, 308.57346926933633, Server_01, 4.694143310325732, 4763.006880891363, 14.586958396095952, 6
46, 312.52177945456054, Server_01, 4.694143310325732, 5120.138324236028, 14.586958396095952, 6
47, 316.9223464714401, Server_01, 4.694143310325732, 4415.823302400628, 14.586958396095952, 6
48, 321.3083394355664, Server_01, 4.694143310325732, 4415.804432641235, 14.586958396095952, 6
49, 325.69433181306033, Server_01, 4.694143310325732, 4415.7855561374445, 14.586958396095952, 6
50, 330.08032363117803, Server_01, 4.694143310325732, 4415.766761404827, 14.586958396095952, 6
51, 334.46631491710497, Server_01, 4.694143310325732, 4415.74804824561, 14.586958396095952, 6
52, 338.4691543837001, Server_01, 4.694143310325732, 4844.770564030459, 14.586958396095952, 6
53, 345.36360177633685, Server_01, 4.694143310325732, 7725.699018875517, 14.586958396095952, 6
54, 352.1865053363418, Server_01, 4.9999536060530145, 6966.239825883511, 14.586958396095952, 7
55, 360.81239686840905, Server_01, 4.9999536060530145, 4556.8497894517795, 14.586958396095952, 7
56, 363.4325527033718, Server_01, 3.164707984766047, 7136.848893595153, 14.586958396095952, 1
57, 371.5258408569085, Server_01, 4.567040272170807, 6759.8034257582285, 14.92756417065641, 7
58, 378.2895486346977, Server_01, 3.9179779610902594, 4875.015448393431, 16.69127194844566, 7
59, 382.4597190887398, Server_01, 4.694143310325732, 6756.69604732286, 16.69127194844566, 6
60, 384.41704811623094, Server_01, 3.164707984766047, 4419.260227871418, 16.69127194844566, 1
61, 389.17629590508085, Server_01, 4.694143310325732, 4408.536991278455, 16.69127194844566, 6
62, 393.38373665661203, Server_01, 4.694143310325732, 4727.039695655971, 16.69127194844566, 6
63, 397.7650850279964, Server_01, 4.694143310325732, 4419.585708308899, 16.69127194844566, 6
64, 402.1464347494915, Server_01, 4.694143310325732, 4419.584327971263, 16.69127194844566, 6
65, 406.5877114828294, Server_01, 4.694143310325732, 4359.153414450402, 16.69127194844566, 6
66, 411.032840835384, Server_01, 4.694143310325732, 4355.324887089837, 16.69127194844566, 6
67, 415.4307472159452, Server_01, 4.694143310325732, 4402.721581471296, 16.69127194844566, 6
68, 420.4303183456358, Server_01, 4.694143310325732, 8778.880397089957, 16.69127194844566, 6
69, 428.1673792422903, Server_01, 4.9999536060530145, 8557.049024568436, 16.69127194844566, 7
70, 436.5082558400359, Server_01, 4.9999536060530145, 4412.492693878154, 16.69127194844566, 7
71, 437.7683343741733, Server_01, 3.164707984766047, 6071.180974936137, 16.69127194844566, 1
72, 442.88491468605264, Server_01, 4.9999536060530145, 8681.87313344668, 16.69127194844566, 7
73, 451.19316133244945, Server_01, 4.9999536060530145, 5856.9531074034585, 16.69127194844566, 7
74, 453.2270648969569, Server_01, 3.164707984766047, 7136.848893595153, 16.69127194844566, 1
75, 461.00274070527547, Server_01, 4.9999536060530145, 5533.639749566431, 16.69127194844566, 7
76, 465.04664989695493, Server_01, 3.164707984766047, 7136.848893595153, 16.69127194844566, 1
77, 483.8989250000468, Server_01, 2.9253150080197625, 8865.494949843911, 27.30064831379474, 7
78, 501.88525000004563, Server_01, 2.8229884543797175, 8865.494949843911, 40.28697331379357, 7
79, 519.1690350000447, Server_01, 2.850629326149008, 8865.49494984406, 52.57075831379262, 7
80, 536.4528200000437, Server_01, 2.850629326149008, 8865.49494984406, 64.85454331379168, 7
81, 553.7366050000428, Server_01, 2.850629326149008, 8865.49494984406, 77.13832831379074, 7
82, 572.3799350000419, Server_01, 2.798802310403456, 8865.49494984406, 90.78165831378982, 7
83, 591.023265000041, Server_01, 2.798802310403458, 8865.49494984406, 104.42498831378884, 7
84, 608.30705000004, Server_01, 2.850629326149008, 8865.49494984406, 116.7087733137879, 7
85, 626.9503800000391, Server_01, 2.798802310403456, 8865.49494984406, 130.35210331378698, 7
86, 645.5937100000382, Server_01, 2.798802310403456, 8865.49494984406, 143.99543331378607, 7
87, 664.2370400000373, Server_01, 2.798802310403456, 8865.49494984406, 157.63876331378515, 7
88, 682.8803700000364, Server_01, 2.798802310403456, 8865.49494984406, 171.28209331378423, 7
89, 701.5237000000354, Server_01, 2.798802310403456, 8865.49494984406, 184.9254233137833, 7
90, 720.1670300000345, Server_01, 2.798802310403456, 8865.49494984406, 198.5687533137824, 7
91, 738.8103600000336, Server_01, 2.798802310403456, 8865.49494984406, 212.21208331378148, 7
92, 756.1526824048295, Server_01, 2.848250935191229, 8865.49494984406, 224.5544057185774, 7
93, 774.8545574048286, Server_01, 2.7967194041582943, 8865.49494984406, 238.25628071857648, 7
94, 792.1968874048276, Server_01, 2.8482506275160184, 8865.49494984406, 250.59861071857551, 7
95, 810.8987624048267, Server_01, 2.7967194041582943, 8865.49494984406, 264.3004857185746, 7
96, 829.600629489561, Server_01, 2.796719684996332, 8865.49494984406, 278.0023528033089, 7
97, 848.3024976545149, Server_01, 2.7967196466695223, 8865.49494984406, 291.7042209682628, 7
98, 867.004372654514, Server_01, 2.7967194041582943, 8865.49494984406, 305.40609596826187, 7
99, 885.706247654513, Server_01, 2.7967194041582943, 8865.49494984406, 319.10797096826093, 7
100, 904.4081226545121, Server_01, 2.7967194041582943, 8865.49494984406, 332.80984596826, 7
101, 923.1099976545112, Server_01, 2.7967194041582943, 8865.49494984406, 346.51172096825906, 7
102, 941.8118726545102, Server_01, 2.7967194041582943, 8865.49494984406, 360.2135959682581, 7
103, 960.5137476545093, Server_01, 2.7967194041582943, 8865.49494984406, 373.9154709682572, 7
104, 979.2156226545084, Server_01, 2.7967194041582943, 8865.49494984406, 387.61734596825625, 7
105, 997.9174976545074, Server_01, 2.7967194041582943, 8865.49494984406, 401.3192209682553, 7
106, 1016.6193726545065, Server_01, 2.7967194041582943, 8865.49494984406, 415.0210959682544, 7
107, 1035.3212476545075, Server_01, 2.796719404158226, 8865.494949843463, 428.72297096825537, 7
108, 1054.0231226545138, Server_01, 2.796719404158036, 8865.494949843463, 442.4248459682617, 7
109, 1072.7249909645257, Server_01, 2.796719641522784, 8865.494949843463, 456.12671427827354, 7
110, 1090.067320964532, Server_01, 2.8482506275157236, 8865.494949843463, 468.46904427827985, 7
111, 1108.7691959645383, Server_01, 2.796719404158036, 8865.494949843463, 482.1709192782862, 7
112, 1127.4710709645447, Server_01, 2.796719404158036, 8865.494949843463, 495.87279427829253, 7
113, 1146.172945964551, Server_01, 2.796719404158036, 8865.494949843463, 509.57466927829887, 7
114, 1164.8748209645573, Server_01, 2.796719404158036, 8865.494949843463, 523.2765442783052, 7
115, 1183.5766959645637, Server_01, 2.796719404158036, 8865.494949843463, 536.9784192783115, 7
116, 1202.27857096457, Server_01, 2.796719404158036, 8865.494949843463, 550.6802942783179, 7
117, 1219.6209009645763, Server_01, 2.8482506275157236, 8865.494949843463, 563.0226242783242, 7
118, 1238.3227759645827, Server_01, 2.796719404158036, 8865.494949843463, 576.7244992783305, 7
119, 1255.665105964589, Server_01, 2.8482506275157236, 8865.494949843463, 589.0668292783369, 7
120, 1273.0074359645953, Server_01, 2.8482506275157236, 8865.494949843463, 601.4091592783432, 7
121, 1291.7093109646016, Server_01, 2.796719404158036, 8865.494949843463, 615.1110342783495, 7
122, 1309.051640964608, Server_01, 2.8482506275157236, 8865.494949843463, 627.4533642783558, 7
123, 1326.3939709646143, Server_01, 2.8482506275157236, 8865.494949843463, 639.7956942783621, 7
124, 1343.7363009646206, Server_01, 2.8482506275157236, 8865.494949843463, 652.1380242783684, 7
125, 1362.438175964627, Server_01, 2.796719404158036, 8865.494949843463, 665.8398992783748, 7
126, 1381.1400509646332, Server_01, 2.796719404158036, 8865.494949843463, 679.5417742783811, 7
127, 1399.8419259646396, Server_01, 2.796719404158036, 8865.494949843463, 693.2436492783875, 7
128, 1418.543800964646, Server_01, 2.796719404158036, 8865.494949843463, 706.9455242783938, 7
129, 1435.8861309646522, Server_01, 2.8482506275157236, 8865.494949843463, 719.2878542784001, 7
130, 1454.5880059646586, Server_01, 2.796719404158036, 8865.494949843463, 732.9897292784065, 7
131, 1473.289880964665, Server_01, 2.796719404158036, 8865.494949843463, 746.6916042784128, 7
132, 1491.991753540682, Server_01, 2.79671949016251, 8865.494949843463, 760.39347685443, 7
133, 1510.6936285406885, Server_01, 2.796719404158036, 8865.494949843463, 774.0953518544363, 7
134, 1529.3955035406948, Server_01, 2.796719404158036, 8865.494949843463, 787.7972268544427, 7
135, 1548.0973785407011, Server_01, 2.796719404158036, 8865.494949843463, 801.499101854449, 7
136, 1566.7992535407075, Server_01, 2.796719404158036, 8865.494949843463, 815.2009768544553, 7
137, 1585.5011285407138, Server_01, 2.796719404158036, 8865.494949843463, 828.9028518544617, 7
138, 1604.2030027412632, Server_01, 2.796719432523209, 8865.494949843463, 842.604726055011, 7
139, 1622.9048777412695, Server_01, 2.796719404158036, 8865.494949843463, 856.3066010550174, 7
140, 1641.6067527412758, Server_01, 2.796719404158036, 8865.494949843463, 870.0084760550237, 7
141, 1660.3086277412822, Server_01, 2.796719404158036, 8865.494949843463, 883.7103510550301, 7
142, 1679.0105027412885, Server_01, 2.796719404158036, 8865.494949843463, 897.4122260550364, 7
143, 1697.7123777412949, Server_01, 2.796719404158036, 8865.494949843463, 911.1141010550427, 7
144, 1716.4142527413012, Server_01, 2.796719404158036, 8865.494949843463, 924.8159760550491, 7
145, 1735.1161277413075, Server_01, 2.796719404158036, 8865.494949843463, 938.5178510550554, 7
146, 1753.817993281162, Server_01, 2.7967197398095616, 8865.494949843463, 952.2197165949099, 7
147, 1772.5198682811683, Server_01, 2.796719404158036, 8865.494949843463, 965.9215915949162, 7
148, 1791.2217432811747, Server_01, 2.796719404158036, 8865.494949843463, 979.6234665949225, 7
149, 1808.564073281181, Server_01, 2.8482506275157236, 8865.494949843463, 991.9657965949289, 7
150, 1827.2659482811873, Server_01, 2.796719404158036, 8865.494949843463, 1005.6676715949352, 7
151, 1845.9678232811937, Server_01, 2.796719404158036, 8865.494949843463, 1019.3695465949415, 7
152, 1864.6696982812, Server_01, 2.796719404158036, 8865.494949843463, 1033.0714215949479, 7
153, 1883.3715732812063, Server_01, 2.796719404158036, 8865.494949843463, 1046.7732965949542, 7
154, 1902.0734482812127, Server_01, 2.796719404158036, 8865.494949843463, 1060.4751715949606, 7
155, 1920.775323281219, Server_01, 2.796719404158036, 8865.494949843463, 1074.177046594967, 7
156, 1939.4771982812254, Server_01, 2.796719404158036, 8865.494949843463, 1087.8789215949732, 7
157, 1956.8195282812317, Server_01, 2.8482506275157236, 8865.494949843463, 1100.2212515949795, 7
158, 1975.521403281238, Server_01, 2.796719404158036, 8865.494949843463, 1113.923126594986, 7
159, 1992.8637332812443, Server_01, 2.8482506275157236, 8865.494949843463, 1126.2654565949922, 7
160, 2011.5656082812507, Server_01, 2.796719404158036, 8865.494949843463, 1139.9673315949985, 7
161, 2030.267483281257, Server_01, 2.796719404158036, 8865.494949843463, 1153.6692065950049, 7
162, 2048.9693582812633, Server_01, 2.796719404158036, 8865.494949843463, 1167.3710815950112, 7
163, 2067.671233281254, Server_01, 2.7967194041585923, 8865.49494984406, 1181.0729565950019, 7
164, 2086.3731082812433, Server_01, 2.796719404158641, 8865.49494984406, 1194.7748315949912, 7
165, 2105.0749832812326, Server_01, 2.796719404158641, 8865.49494984406, 1208.4767065949804, 7
166, 2123.776858281222, Server_01, 2.796719404158641, 8865.49494984406, 1222.1785815949697, 7
167, 2142.478733281211, Server_01, 2.796719404158641, 8865.49494984406, 1235.880456594959, 7
168, 2161.1806082812004, Server_01, 2.796719404158641, 8865.49494984406, 1249.5823315949483, 7
169, 2179.8824767387982, Server_01, 2.79671963628635, 8865.512090288777, 1263.284200052546, 7
170, 2198.584358281179, Server_01, 2.7967191720310742, 8865.49494984406, 1276.9860815949269, 7
171, 2217.2862332811683, Server_01, 2.796719404158641, 8865.49494984406, 1290.6879565949162, 7
172, 2235.9881082811576, Server_01, 2.796719404158641, 8865.49494984406, 1304.3898315949054, 7
173, 2254.689983281147, Server_01, 2.796719404158641, 8865.49494984406, 1318.0917065948947, 7
174, 2273.391858281136, Server_01, 2.796719404158641, 8865.49494984406, 1331.793581594884, 7
175, 2290.7341882811256, Server_01, 2.8482506275164057, 8865.49494984406, 1344.1359115948735, 7
176, 2309.436063281115, Server_01, 2.796719404158641, 8865.49494984406, 1357.8377865948628, 7
177, 2328.137938281104, Server_01, 2.796719404158641, 8865.49494984406, 1371.539661594852, 7
178, 2346.8398132810935, Server_01, 2.796719404158641, 8865.49494984406, 1385.2415365948414, 7
179, 2365.5416882810828, Server_01, 2.796719404158641, 8865.49494984406, 1398.9434115948306, 7
180, 2384.243563281072, Server_01, 2.796719404158641, 8865.49494984406, 1412.64528659482, 7
181, 2402.9454382810613, Server_01, 2.796719404158641, 8865.49494984406, 1426.3471615948092, 7
182, 2420.2877630749717, Server_01, 2.848250838410211, 8865.49494984406, 1438.6894863887196, 7
183, 2438.989629249879, Server_01, 2.7967197172775267, 8865.49494984406, 1452.3913525636267, 7
184, 2456.3319592498683, Server_01, 2.8482506275164057, 8865.49494984406, 1464.7336825636162, 7
185, 2473.674289249858, Server_01, 2.8482506275164057, 8865.49494984406, 1477.0760125636057, 7
186, 2492.376164249847, Server_01, 2.796719404158641, 8865.49494984406, 1490.777887563595, 7
187, 2509.7184942498366, Server_01, 2.8482506275164057, 8865.49494984406, 1503.1202175635844, 7
188, 2527.060824249826, Server_01, 2.8482506275164057, 8865.49494984406, 1515.462547563574, 7
189, 2544.4031542498155, Server_01, 2.8482506275164057, 8865.49494984406, 1527.8048775635634, 7
190, 2563.105029249805, Server_01, 2.796719404158641, 8865.49494984406, 1541.5067525635527, 7
191, 2581.806904249794, Server_01, 2.796719404158641, 8865.49494984406, 1555.208627563542, 7
192, 2600.5087792497834, Server_01, 2.796719404158641, 8865.49494984406, 1568.9105025635313, 7
193, 2619.2106542497727, Server_01, 2.796719404158641, 8865.49494984406, 1582.6123775635206, 7
194, 2636.552984249762, Server_01, 2.8482506275164057, 8865.49494984406, 1594.95470756351, 7
195, 2655.2548592497515, Server_01, 2.796719404158641, 8865.49494984406, 1608.6565825634993, 7
196, 2673.9567342497407, Server_01, 2.796719404158641, 8865.49494984406, 1622.3584575634886, 7
197, 2692.65860924973, Server_01, 2.796719404158641, 8865.49494984406, 1636.060332563478, 7
198, 2711.3604842497193, Server_01, 2.796719404158641, 8865.49494984406, 1649.7622075634672, 7
199, 2730.0623592497086, Server_01, 2.796719404158641, 8865.49494984406, 1663.4640825634565, 7
200, 2748.764234249698, Server_01, 2.796719404158641, 8865.49494984406, 1677.1659575634458, 7
201, 2767.466109249687, Server_01, 2.796719404158641, 8865.49494984406, 1690.867832563435, 7
202, 2786.1679842496765, Server_01, 2.796719404158641, 8865.49494984406, 1704.5697075634243, 7
203, 2804.8698592496658, Server_01, 2.796719404158641, 8865.49494984406, 1718.2715825634136, 7
204, 2823.571734249655, Server_01, 2.796719404158641, 8865.49494984406, 1731.973457563403, 7
205, 2842.2736092496443, Server_01, 2.796719404158641, 8865.49494984406, 1745.6753325633922, 7
206, 2860.9754842496336, Server_01, 2.796719404158641, 8865.49494984406, 1759.3772075633815, 7
207, 2879.677359249623, Server_01, 2.796719404158641, 8865.49494984406, 1773.0790825633708, 7
208, 2898.379234249612, Server_01, 2.796719404158641, 8865.49494984406, 1786.78095756336, 7
209, 2917.0811092496015, Server_01, 2.796719404158641, 8865.49494984406, 1800.4828325633493, 7
210, 2935.7829842495908, Server_01, 2.796719404158641, 8865.49494984406, 1814.1847075633386, 7
211, 2954.48485924958, Server_01, 2.796719404158641, 8865.49494984406, 1827.886582563328, 7
212, 2973.1867342495693, Server_01, 2.796719404158641, 8865.49494984406, 1841.5884575633172, 7
213, 2991.8886092495586, Server_01, 2.796719404158641, 8865.49494984406, 1855.2903325633065, 7
214, 3009.230939249548, Server_01, 2.8482506275164057, 8865.49494984406, 1867.632662563296, 7
215, 3027.9328142495374, Server_01, 2.796719404158641, 8865.49494984406, 1881.3345375632853, 7
216, 3046.6346892495267, Server_01, 2.796719404158641, 8865.49494984406, 1895.0364125632746, 7
217, 3065.336564249516, Server_01, 2.796719404158641, 8865.49494984406, 1908.7382875632638, 7
218, 3084.0384392495052, Server_01, 2.796719404158641, 8865.49494984406, 1922.4401625632531, 7
219, 3102.7403142494945, Server_01, 2.796719404158641, 8865.49494984406, 1936.1420375632424, 7
220, 3121.442189249484, Server_01, 2.796719404158641, 8865.49494984406, 1949.8439125632317, 7
221, 3140.144064249473, Server_01, 2.796719404158641, 8865.49494984406, 1963.545787563221, 7
222, 3157.4863942494626, Server_01, 2.8482506275164057, 8865.49494984406, 1975.8881175632105, 7
223, 3176.188269249452, Server_01, 2.796719404158641, 8865.49494984406, 1989.5899925631998, 7
224, 3193.5305992494414, Server_01, 2.8482506275164057, 8865.49494984406, 2001.9323225631892, 7
225, 3212.2324742494307, Server_01, 2.796719404158641, 8865.49494984406, 2015.6341975631785, 7
226, 3230.93434924942, Server_01, 2.796719404158641, 8865.49494984406, 2029.3360725631678, 7
227, 3249.636224249409, Server_01, 2.796719404158641, 8865.49494984406, 2043.037947563157, 7
228, 3268.3380992493985, Server_01, 2.796719404158641, 8865.49494984406, 2056.7398225631464, 7
229, 3287.039974249388, Server_01, 2.796719404158641, 8865.49494984406, 2070.4416975631357, 7
230, 3305.741849249377, Server_01, 2.796719404158641, 8865.49494984406, 2084.143572563125, 7
231, 3324.4437242493664, Server_01, 2.796719404158641, 8865.49494984406, 2097.8454475631142, 7
232, 3343.145594256015, Server_01, 2.7967195813251435, 8865.49494984406, 2111.547317569763, 7
233, 3361.8474692560044, Server_01, 2.796719404158641, 8865.49494984406, 2125.2491925697523, 7
234, 3380.5493442559937, Server_01, 2.796719404158641, 8865.49494984406, 2138.9510675697416, 7
235, 3399.251219255983, Server_01, 2.796719404158641, 8865.49494984406, 2152.652942569731, 7
236, 3417.9530942559722, Server_01, 2.796719404158641, 8865.49494984406, 2166.35481756972, 7
237, 3436.6549692559615, Server_01, 2.796719404158641, 8865.49494984406, 2180.0566925697094, 7
238, 3455.356844255951, Server_01, 2.796719404158641, 8865.49494984406, 2193.7585675696987, 7
239, 3474.05871925594, Server_01, 2.796719404158641, 8865.49494984406, 2207.460442569688, 7
240, 3491.4010492559296, Server_01, 2.8482506275164057, 8865.49494984406, 2219.8027725696775, 7
241, 3510.102924255919, Server_01, 2.796719404158641, 8865.49494984406, 2233.5046475696668, 7
242, 3528.804799255908, Server_01, 2.796719404158641, 8865.49494984406, 2247.206522569656, 7
243, 3547.5066742558975, Server_01, 2.796719404158641, 8865.49494984406, 2260.9083975696453, 7
244, 3566.2085492558867, Server_01, 2.796719404158641, 8865.49494984406, 2274.6102725696346, 7
245, 3584.910424255876, Server_01, 2.796719404158641, 8865.49494984406, 2288.312147569624, 7
246, 3603.612297466092, Server_01, 2.796719467660783, 8865.49494984406, 2302.01402077984, 7
247, 3620.9546274660815, Server_01, 2.8482506275164057, 8865.49494984406, 2314.3563507798294, 7
248, 3639.656502466071, Server_01, 2.796719404158641, 8865.49494984406, 2328.0582257798187, 7
249, 3656.9988324660603, Server_01, 2.8482506275164057, 8865.49494984406, 2340.400555779808, 7
250, 3674.34116246605, Server_01, 2.8482506275164057, 8865.49494984406, 2352.7428857797977, 7
251, 3693.043037466039, Server_01, 2.796719404158641, 8865.49494984406, 2366.444760779787, 7
252, 3710.3853674660286, Server_01, 2.8482506275164057, 8865.49494984406, 2378.7870907797765, 7
253, 3727.727697466018, Server_01, 2.8482506275164057, 8865.49494984406, 2391.129420779766, 7
254, 3745.0700274660076, Server_01, 2.8482506275164057, 8865.49494984406, 2403.4717507797554, 7
255, 3763.771902465997, Server_01, 2.796719404158641, 8865.49494984406, 2417.1736257797447, 7
256, 3782.473777465986, Server_01, 2.796719404158641, 8865.49494984406, 2430.875500779734, 7
257, 3801.1756524659754, Server_01, 2.796719404158641, 8865.49494984406, 2444.5773757797233, 7
258, 3819.8775274659647, Server_01, 2.796719404158641, 8865.49494984406, 2458.2792507797126, 7
259, 3837.219857465954, Server_01, 2.8482506275164057, 8865.49494984406, 2470.621580779702, 7
260, 3855.9217324659435, Server_01, 2.796719404158641, 8865.49494984406, 2484.3234557796914, 7
261, 3874.6236074659328, Server_01, 2.796719404158641, 8865.49494984406, 2498.0253307796806, 7
262, 3893.325482465922, Server_01, 2.796719404158641, 8865.49494984406, 2511.72720577967, 7
263, 3912.0273574659113, Server_01, 2.796719404158641, 8865.49494984406, 2525.429080779659, 7
264, 3930.7292324659006, Server_01, 2.796719404158641, 8865.49494984406, 2539.1309557796485, 7
265, 3949.43110746589, Server_01, 2.796719404158641, 8865.49494984406, 2552.832830779638, 7
266, 3968.132982465879, Server_01, 2.796719404158641, 8865.49494984406, 2566.534705779627, 7
267, 3986.8348574658685, Server_01, 2.796719404158641, 8865.49494984406, 2580.2365807796164, 7
268, 4005.5367324658578, Server_01, 2.796719404158641, 8865.49494984406, 2593.9384557796056, 7
269, 4024.238607465847, Server_01, 2.796719404158641, 8865.49494984406, 2607.640330779595, 7
270, 4042.9404824658363, Server_01, 2.796719404158641, 8865.49494984406, 2621.342205779584, 7
271, 4061.6423574658256, Server_01, 2.796719404158641, 8865.49494984406, 2635.0440807795735, 7
272, 4080.344232465815, Server_01, 2.796719404158641, 8865.49494984406, 2648.745955779563, 7
273, 4099.046107465804, Server_01, 2.796719404158641, 8865.49494984406, 2662.447830779552, 7
274, 4117.7479824657985, Server_01, 2.7967194041584635, 8865.49494984406, 2676.1497057795464, 7
275, 4136.449857465793, Server_01, 2.7967194041584635, 8865.49494984406, 2689.8515807795407, 7
276, 4155.151732465787, Server_01, 2.7967194041584635, 8865.49494984406, 2703.553455779535, 7
277, 4173.853607465781, Server_01, 2.7967194041584476, 8865.49494984406, 2717.2553307795297, 7
278, 4192.555482465776, Server_01, 2.7967194041584635, 8865.49494984406, 2730.957205779524, 7
279, 4209.89781246577, Server_01, 2.8482506275162214, 8865.49494984406, 2743.299535779518, 7
280, 4228.599687465764, Server_01, 2.7967194041584635, 8865.49494984406, 2757.0014107795123, 7
281, 4247.301562465758, Server_01, 2.7967194041584635, 8865.49494984406, 2770.7032857795066, 7
282, 4266.0034374657525, Server_01, 2.7967194041584635, 8865.49494984406, 2784.405160779501, 7
283, 4284.705312465747, Server_01, 2.7967194041584635, 8865.49494984406, 2798.107035779495, 7
284, 4303.407187465741, Server_01, 2.7967194041584635, 8865.49494984406, 2811.8089107794895, 7
285, 4322.109062465735, Server_01, 2.7967194041584635, 8865.49494984406, 2825.5107857794837, 7
286, 4340.81093746573, Server_01, 2.7967194041584635, 8865.49494984406, 2839.212660779478, 7
287, 4358.153267465724, Server_01, 2.8482506275162214, 8865.49494984406, 2851.554990779472, 7
288, 4376.855142465718, Server_01, 2.7967194041584635, 8865.49494984406, 2865.2568657794664, 7
289, 4394.197472465712, Server_01, 2.8482506275162214, 8865.49494984406, 2877.5991957794604, 7
290, 4412.899347465706, Server_01, 2.7967194041584635, 8865.49494984406, 2891.3010707794547, 7
291, 4431.601222465701, Server_01, 2.7967194041584635, 8865.49494984406, 2905.002945779449, 7
292, 4450.303097465695, Server_01, 2.7967194041584635, 8865.49494984406, 2918.7048207794433, 7
293, 4469.004972465689, Server_01, 2.7967194041584635, 8865.49494984406, 2932.4066957794375, 7
294, 4487.7068474656835, Server_01, 2.7967194041584635, 8865.49494984406, 2946.108570779432, 7
295, 4506.408722465678, Server_01, 2.7967194041584635, 8865.49494984406, 2959.810445779426, 7
296, 4525.110597465672, Server_01, 2.7967194041584635, 8865.49494984406, 2973.5123207794204, 7
297, 4543.812472465666, Server_01, 2.7967194041584635, 8865.49494984406, 2987.2141957794147, 7
298, 4562.514347465661, Server_01, 2.7967194041584635, 8865.49494984406, 3000.916070779409, 7
299, 4581.216222465655, Server_01, 2.7967194041584635, 8865.49494984406, 3014.6179457794033, 7
300, 4599.918097465649, Server_01, 2.7967194041584635, 8865.49494984406, 3028.3198207793976, 7
301, 4618.6199724656435, Server_01, 2.7967194041584635, 8865.49494984406, 3042.021695779392, 7
302, 4637.321847465638, Server_01, 2.7967194041584635, 8865.49494984406, 3055.723570779386, 7
303, 4656.023722465632, Server_01, 2.7967194041584635, 8865.49494984406, 3069.4254457793804, 7
304, 4674.725597465626, Server_01, 2.7967194041584635, 8865.49494984406, 3083.1273207793747, 7
305, 4692.06792746562, Server_01, 2.8482506275162214, 8865.49494984406, 3095.4696507793687, 7
306, 4710.769802465615, Server_01, 2.7967194041584635, 8865.49494984406, 3109.171525779363, 7
307, 4729.471677465609, Server_01, 2.7967194041584635, 8865.49494984406, 3122.8734007793573, 7
308, 4748.173552465603, Server_01, 2.7967194041584635, 8865.49494984406, 3136.5752757793516, 7
309, 4766.875427465598, Server_01, 2.7967194041584635, 8865.49494984406, 3150.277150779346, 7
310, 4785.577302465592, Server_01, 2.7967194041584635, 8865.49494984406, 3163.97902577934, 7
311, 4804.279177465586, Server_01, 2.7967194041584635, 8865.49494984406, 3177.6809007793345, 7
312, 4821.62150746558, Server_01, 2.8482506275162214, 8865.49494984406, 3190.0232307793285, 7
313, 4840.3233824655745, Server_01, 2.7967194041584635, 8865.49494984406, 3203.725105779323, 7
314, 4857.6657124655685, Server_01, 2.8482506275162214, 8865.49494984406, 3216.067435779317, 7
315, 4875.0080424655625, Server_01, 2.8482506275162214, 8865.49494984406, 3228.409765779311, 7
316, 4893.709917465557, Server_01, 2.7967194041584635, 8865.49494984406, 3242.111640779305, 7
317, 4911.052247465551, Server_01, 2.8482506275162214, 8865.49494984406, 3254.453970779299, 7
318, 4928.394577465545, Server_01, 2.8482506275162214, 8865.49494984406, 3266.7963007792932, 7
319, 4945.736907465539, Server_01, 2.8482506275162214, 8865.49494984406, 3279.1386307792873, 7
320, 4964.438782465533, Server_01, 2.7967194041584635, 8865.49494984406, 3292.8405057792816, 7
321, 4983.1406574655275, Server_01, 2.7967194041584635, 8865.49494984406, 3306.542380779276, 7
322, 5001.842532465522, Server_01, 2.7967194041584635, 8865.49494984406, 3320.24425577927, 7
323, 5020.544407465516, Server_01, 2.7967194041584635, 8865.49494984406, 3333.9461307792644, 7
324, 5037.88673746551, Server_01, 2.8482506275162214, 8865.49494984406, 3346.2884607792585, 7
325, 5056.588612465504, Server_01, 2.7967194041584635, 8865.49494984406, 3359.9903357792527, 7
326, 5075.290487465499, Server_01, 2.7967194041584635, 8865.49494984406, 3373.692210779247, 7
327, 5093.992362465493, Server_01, 2.7967194041584635, 8865.49494984406, 3387.3940857792413, 7
328, 5112.694237465487, Server_01, 2.7967194041584635, 8865.49494984406, 3401.0959607792356, 7
329, 5131.396112465482, Server_01, 2.7967194041584635, 8865.49494984406, 3414.79783577923, 7
330, 5150.097987465476, Server_01, 2.7967194041584635, 8865.49494984406, 3428.499710779224, 7
331, 5168.79986246547, Server_01, 2.7967194041584635, 8865.49494984406, 3442.2015857792185, 7
332, 5187.501737465464, Server_01, 2.7967194041584635, 8865.49494984406, 3455.9034607792128, 7
333, 5206.203612465459, Server_01, 2.7967194041584635, 8865.49494984406, 3469.605335779207, 7
334, 5224.905487465453, Server_01, 2.7967194041584635, 8865.49494984406, 3483.3072107792013, 7
335, 5243.607362465447, Server_01, 2.7967194041584635, 8865.49494984406, 3497.0090857791956, 7
336, 5262.309237465442, Server_01, 2.7967194041584635, 8865.49494984406, 3510.71096077919, 7
337, 5281.011112465436, Server_01, 2.7967194041584635, 8865.49494984406, 3524.412835779184, 7
338, 5299.71298746543, Server_01, 2.7967194041584635, 8865.49494984406, 3538.1147107791785, 7
339, 5318.414862465424, Server_01, 2.7967194041584635, 8865.49494984406, 3551.816585779173, 7
340, 5337.116737465419, Server_01, 2.7967194041584635, 8865.49494984406, 3565.518460779167, 7
341, 5355.818612465413, Server_01, 2.7967194041584635, 8865.49494984406, 3579.2203357791614, 7
342, 5374.520487465407, Server_01, 2.7967194041584635, 8865.49494984406, 3592.9222107791556, 7
343, 5393.222362465402, Server_01, 2.7967194041584635, 8865.49494984406, 3606.62408577915, 7
344, 5410.564692465396, Server_01, 2.8482506275162214, 8865.49494984406, 3618.966415779144, 7
345, 5429.26656746539, Server_01, 2.7967194041584635, 8865.49494984406, 3632.6682907791383, 7
346, 5447.968442465384, Server_01, 2.7967194041584635, 8865.49494984406, 3646.3701657791325, 7
347, 5466.6703174653785, Server_01, 2.7967194041584635, 8865.49494984406, 3660.072040779127, 7
348, 5485.372192465373, Server_01, 2.7967194041584635, 8865.49494984406, 3673.773915779121, 7
349, 5504.074067465367, Server_01, 2.7967194041584635, 8865.49494984406, 3687.4757907791154, 7
350, 5522.775942465361, Server_01, 2.7967194041584635, 8865.49494984406, 3701.1776657791097, 7
351, 5541.477817465356, Server_01, 2.7967194041584635, 8865.49494984406, 3714.879540779104, 7
352, 5558.82014746535, Server_01, 2.8482506275162214, 8865.49494984406, 3727.221870779098, 7
353, 5577.522022465344, Server_01, 2.7967194041584635, 8865.49494984406, 3740.9237457790923, 7
354, 5594.864352465338, Server_01, 2.8482506275162214, 8865.49494984406, 3753.2660757790863, 7
355, 5613.566227465332, Server_01, 2.7967194041584635, 8865.49494984406, 3766.9679507790806, 7
356, 5632.268102465327, Server_01, 2.7967194041584635, 8865.49494984406, 3780.669825779075, 7
357, 5650.969977465321, Server_01, 2.7967194041584635, 8865.49494984406, 3794.371700779069, 7
358, 5669.671852465315, Server_01, 2.7967194041584635, 8865.49494984406, 3808.0735757790635, 7
359, 5688.3737274653095, Server_01, 2.7967194041584635, 8865.49494984406, 3821.775450779058, 7
360, 5707.075602465304, Server_01, 2.7967194041584635, 8865.49494984406, 3835.477325779052, 7
361, 5725.777477465298, Server_01, 2.7967194041584635, 8865.49494984406, 3849.1792007790464, 7
362, 5744.479352465292, Server_01, 2.7967194041584635, 8865.49494984406, 3862.8810757790407, 7
363, 5763.181227465287, Server_01, 2.7967194041584635, 8865.49494984406, 3876.582950779035, 7
364, 5781.883102465281, Server_01, 2.7967194041584635, 8865.49494984406, 3890.2848257790292, 7
365, 5800.584977465275, Server_01, 2.7967194041584635, 8865.49494984406, 3903.9867007790235, 7
366, 5819.2868524652695, Server_01, 2.7967194041584635, 8865.49494984406, 3917.688575779018, 7
367, 5837.988727465264, Server_01, 2.7967194041584635, 8865.49494984406, 3931.390450779012, 7
368, 5856.690602465258, Server_01, 2.7967194041584635, 8865.49494984406, 3945.0923257790064, 7
369, 5875.392477465252, Server_01, 2.7967194041584635, 8865.49494984406, 3958.7942007790007, 7
370, 5892.734807465246, Server_01, 2.8482506275162214, 8865.49494984406, 3971.1365307789947, 7
371, 5911.436682465241, Server_01, 2.7967194041584635, 8865.49494984406, 3984.838405778989, 7
372, 5930.138557465235, Server_01, 2.7967194041584635, 8865.49494984406, 3998.5402807789833, 7
373, 5948.840432465229, Server_01, 2.7967194041584635, 8865.49494984406, 4012.2421557789776, 7
374, 5967.5423074652235, Server_01, 2.7967194041584635, 8865.49494984406, 4025.944030778972, 7
375, 5986.244182465218, Server_01, 2.7967194041584635, 8865.49494984406, 4039.645905778966, 7
376, 6004.946057465212, Server_01, 2.7967194041584635, 8865.49494984406, 4053.3477807789604, 7
377, 6022.288387465206, Server_01, 2.8482506275162214, 8865.49494984406, 4065.6901107789545, 7
378, 6040.9902624652, Server_01, 2.7967194041584635, 8865.49494984406, 4079.3919857789488, 7
379, 6058.3325924651945, Server_01, 2.8482506275162214, 8865.49494984406, 4091.734315778943, 7
380, 6075.6749224651885, Server_01, 2.8482506275162214, 8865.49494984406, 4104.076645778937, 7
381, 6094.376797465183, Server_01, 2.7967194041584635, 8865.49494984406, 4117.778520778931, 7
382, 6111.719127465177, Server_01, 2.8482506275162214, 8865.49494984406, 4130.120850778925, 7
383, 6129.061457465171, Server_01, 2.8482506275162214, 8865.49494984406, 4142.463180778919, 7
384, 6146.403787465165, Server_01, 2.8482506275162214, 8865.49494984406, 4154.805510778913, 7
385, 6165.105662465159, Server_01, 2.7967194041584635, 8865.49494984406, 4168.5073857789075, 7
386, 6183.8075374651535, Server_01, 2.7967194041584635, 8865.49494984406, 4182.209260778902, 7
387, 6202.509412465148, Server_01, 2.7967194041584635, 8865.49494984406, 4195.911135778896, 7
388, 6221.211287465142, Server_01, 2.7967194041584635, 8865.49494984406, 4209.61301077889, 7
389, 6238.553617465136, Server_01, 2.8482506275162214, 8865.49494984406, 4221.955340778884, 7
390, 6257.25549246513, Server_01, 2.7967194041584635, 8865.49494984406, 4235.657215778879, 7
391, 6275.957367465125, Server_01, 2.7967194041584635, 8865.49494984406, 4249.359090778873, 7
392, 6294.659242465119, Server_01, 2.7967194041584635, 8865.49494984406, 4263.060965778867, 7
393, 6313.361117465113, Server_01, 2.7967194041584635, 8865.49494984406, 4276.762840778862, 7
394, 6332.0629924651075, Server_01, 2.7967194041584635, 8865.49494984406, 4290.464715778856, 7
395, 6350.764867465102, Server_01, 2.7967194041584635, 8865.49494984406, 4304.16659077885, 7
396, 6369.466742465096, Server_01, 2.7967194041584635, 8865.49494984406, 4317.868465778844, 7
397, 6388.16861746509, Server_01, 2.7967194041584635, 8865.49494984406, 4331.570340778839, 7
398, 6406.870492465085, Server_01, 2.7967194041584635, 8865.49494984406, 4345.272215778833, 7
399, 6425.572367465079, Server_01, 2.7967194041584635, 8865.49494984406, 4358.974090778827, 7
400, 6444.274242465073, Server_01, 2.7967194041584635, 8865.49494984406, 4372.675965778822, 7
401, 6462.976117465068, Server_01, 2.7967194041584635, 8865.49494984406, 4386.377840778816, 7
402, 6481.677992465062, Server_01, 2.7967194041584635, 8865.49494984406, 4400.07971577881, 7
403, 6500.379867465056, Server_01, 2.7967194041584635, 8865.49494984406, 4413.7815907788045, 7
404, 6519.08174246505, Server_01, 2.7967194041584635, 8865.49494984406, 4427.483465778799, 7
405, 6537.783617465045, Server_01, 2.7967194041584635, 8865.49494984406, 4441.185340778793, 7
406, 6556.485492465039, Server_01, 2.7967194041584635, 8865.49494984406, 4454.887215778787, 7
407, 6575.187367465033, Server_01, 2.7967194041584635, 8865.49494984406, 4468.589090778782, 7
408, 6593.889242465028, Server_01, 2.7967194041584635, 8865.49494984406, 4482.290965778776, 7
409, 6611.231572465022, Server_01, 2.8482506275162214, 8865.49494984406, 4494.63329577877, 7
410, 6629.933447465016, Server_01, 2.7967194041584635, 8865.49494984406, 4508.335170778764, 7
411, 6648.63532246501, Server_01, 2.7967194041584635, 8865.49494984406, 4522.0370457787585, 7
412, 6667.3371974650045, Server_01, 2.7967194041584635, 8865.49494984406, 4535.738920778753, 7
413, 6686.039072464999, Server_01, 2.7967194041584635, 8865.49494984406, 4549.440795778747, 7
414, 6704.740947464993, Server_01, 2.7967194041584635, 8865.49494984406, 4563.142670778741, 7
415, 6723.442822464987, Server_01, 2.7967194041584635, 8865.49494984406, 4576.844545778736, 7
416, 6742.144697464982, Server_01, 2.7967194041584635, 8865.49494984406, 4590.54642077873, 7
417, 6759.487027464976, Server_01, 2.8482506275162214, 8865.49494984406, 4602.888750778724, 7
418, 6778.18890246497, Server_01, 2.7967194041584635, 8865.49494984406, 4616.590625778718, 7
419, 6795.531232464964, Server_01, 2.8482506275162214, 8865.49494984406, 4628.932955778712, 7
420, 6814.233107464958, Server_01, 2.7967194041584635, 8865.49494984406, 4642.634830778707, 7
421, 6832.934982464953, Server_01, 2.7967194041584635, 8865.49494984406, 4656.336705778701, 7
422, 6851.636857464947, Server_01, 2.7967194041584635, 8865.49494984406, 4670.038580778695, 7
423, 6870.338732464941, Server_01, 2.7967194041584635, 8865.49494984406, 4683.7404557786895, 7
424, 6889.040607464935, Server_01, 2.7967194041584635, 8865.49494984406, 4697.442330778684, 7
425, 6907.74248246493, Server_01, 2.7967194041584635, 8865.49494984406, 4711.144205778678, 7
426, 6926.444357464924, Server_01, 2.7967194041584635, 8865.49494984406, 4724.846080778672, 7
427, 6945.146232464918, Server_01, 2.7967194041584635, 8865.49494984406, 4738.547955778667, 7
428, 6963.848107464913, Server_01, 2.7967194041584635, 8865.49494984406, 4752.249830778661, 7
429, 6982.549982464907, Server_01, 2.7967194041584635, 8865.49494984406, 4765.951705778655, 7
430, 7001.251857464901, Server_01, 2.7967194041584635, 8865.49494984406, 4779.6535807786495, 7
431, 7019.953732464895, Server_01, 2.7967194041584635, 8865.49494984406, 4793.355455778644, 7
432, 7038.65560746489, Server_01, 2.7967194041584635, 8865.49494984406, 4807.057330778638, 7
433, 7057.357482464884, Server_01, 2.7967194041584635, 8865.49494984406, 4820.759205778632, 7
434, 7076.059357464878, Server_01, 2.7967194041584635, 8865.49494984406, 4834.461080778627, 7
435, 7093.401687464872, Server_01, 2.8482506275162214, 8865.49494984406, 4846.803410778621, 7
436, 7112.103562464867, Server_01, 2.7967194041584635, 8865.49494984406, 4860.505285778615, 7
437, 7130.805437464861, Server_01, 2.7967194041584635, 8865.49494984406, 4874.207160778609, 7
438, 7149.507312464855, Server_01, 2.7967194041584635, 8865.49494984406, 4887.9090357786035, 7
439, 7168.2091874648495, Server_01, 2.7967194041584635, 8865.49494984406, 4901.610910778598, 7
440, 7186.911062464844, Server_01, 2.7967194041584635, 8865.49494984406, 4915.312785778592, 7
441, 7205.612937464838, Server_01, 2.7967194041584635, 8865.49494984406, 4929.014660778586, 7
442, 7222.955267464832, Server_01, 2.8482506275162214, 8865.49494984406, 4941.35699077858, 7
443, 7241.657142464826, Server_01, 2.7967194041584635, 8865.49494984406, 4955.058865778575, 7
444, 7258.99947246482, Server_01, 2.8482506275162214, 8865.49494984406, 4967.401195778569, 7
445, 7276.3418024648145, Server_01, 2.8482506275162214, 8865.49494984406, 4979.743525778563, 7
446, 7295.043677464809, Server_01, 2.7967194041584635, 8865.49494984406, 4993.445400778557, 7
447, 7312.386007464803, Server_01, 2.8482506275162214, 8865.49494984406, 5005.787730778551, 7
448, 7329.728337464797, Server_01, 2.8482506275162214, 8865.49494984406, 5018.130060778545, 7
449, 7347.070667464791, Server_01, 2.8482506275162214, 8865.49494984406, 5030.472390778539, 7
450, 7365.772542464785, Server_01, 2.7967194041584635, 8865.49494984406, 5044.1742657785335, 7
451, 7384.474417464779, Server_01, 2.7967194041584635, 8865.49494984406, 5057.876140778528, 7
452, 7403.176292464774, Server_01, 2.7967194041584635, 8865.49494984406, 5071.578015778522, 7
453, 7421.878167464768, Server_01, 2.7967194041584635, 8865.49494984406, 5085.279890778516, 7
454, 7439.220497464762, Server_01, 2.8482506275162214, 8865.49494984406, 5097.62222077851, 7
455, 7457.922372464756, Server_01, 2.7967194041584635, 8865.49494984406, 5111.324095778505, 7
456, 7476.624247464751, Server_01, 2.7967194041584635, 8865.49494984406, 5125.025970778499, 7
457, 7495.326122464745, Server_01, 2.7967194041584635, 8865.49494984406, 5138.727845778493, 7
458, 7514.027997464739, Server_01, 2.7967194041584635, 8865.49494984406, 5152.4297207784875, 7
459, 7532.7298724647335, Server_01, 2.7967194041584635, 8865.49494984406, 5166.131595778482, 7
460, 7551.431747464728, Server_01, 2.7967194041584635, 8865.49494984406, 5179.833470778476, 7
461, 7570.133622464722, Server_01, 2.7967194041584635, 8865.49494984406, 5193.53534577847, 7
462, 7588.835497464716, Server_01, 2.7967194041584635, 8865.49494984406, 5207.237220778465, 7
463, 7607.537372464711, Server_01, 2.7967194041584635, 8865.49494984406, 5220.939095778459, 7
464, 7626.239247464705, Server_01, 2.7967194041584635, 8865.49494984406, 5234.640970778453, 7
465, 7644.941122464699, Server_01, 2.7967194041584635, 8865.49494984406, 5248.342845778448, 7
466, 7663.6429974646935, Server_01, 2.7967194041584635, 8865.49494984406, 5262.044720778442, 7
467, 7682.344872464688, Server_01, 2.7967194041584635, 8865.49494984406, 5275.746595778436, 7
468, 7701.046747464682, Server_01, 2.7967194041584635, 8865.49494984406, 5289.44847077843, 7
469, 7719.748622464676, Server_01, 2.7967194041584635, 8865.49494984406, 5303.150345778425, 7
470, 7738.450497464671, Server_01, 2.7967194041584635, 8865.49494984406, 5316.852220778419, 7
471, 7757.152372464665, Server_01, 2.7967194041584635, 8865.49494984406, 5330.554095778413, 7
472, 7775.854247464659, Server_01, 2.7967194041584635, 8865.49494984406, 5344.255970778408, 7
473, 7794.5561224646535, Server_01, 2.7967194041584635, 8865.49494984406, 5357.957845778402, 7
474, 7811.898452464648, Server_01, 2.8482506275162214, 8865.49494984406, 5370.300175778396, 7
475, 7830.600327464642, Server_01, 2.7967194041584635, 8865.49494984406, 5384.00205077839, 7
476, 7849.302202464636, Server_01, 2.7967194041584635, 8865.49494984406, 5397.7039257783845, 7
477, 7868.00407746463, Server_01, 2.7967194041584635, 8865.49494984406, 5411.405800778379, 7
478, 7886.705952464625, Server_01, 2.7967194041584635, 8865.49494984406, 5425.107675778373, 7
479, 7905.407827464619, Server_01, 2.7967194041584635, 8865.49494984406, 5438.809550778367, 7
480, 7924.109702464613, Server_01, 2.7967194041584635, 8865.49494984406, 5452.511425778362, 7
481, 7942.811577464608, Server_01, 2.7967194041584635, 8865.49494984406, 5466.213300778356, 7
482, 7960.153907464602, Server_01, 2.8482506275162214, 8865.49494984406, 5478.55563077835, 7
483, 7978.855782464596, Server_01, 2.7967194041584635, 8865.49494984406, 5492.257505778344, 7
484, 7996.19811246459, Server_01, 2.8482506275162214, 8865.49494984406, 5504.599835778338, 7
485, 8014.899987464584, Server_01, 2.7967194041584635, 8865.49494984406, 5518.301710778333, 7
486, 8033.6018624645785, Server_01, 2.7967194041584635, 8865.49494984406, 5532.003585778327, 7
487, 8052.303737464573, Server_01, 2.7967194041584635, 8865.49494984406, 5545.705460778321, 7
488, 8071.005612464567, Server_01, 2.7967194041584635, 8865.49494984406, 5559.407335778315, 7
489, 8089.707487464561, Server_01, 2.7967194041584635, 8865.49494984406, 5573.10921077831, 7
490, 8108.409362464556, Server_01, 2.7967194041584635, 8865.49494984406, 5586.811085778304, 7
491, 8127.11123746455, Server_01, 2.7967194041584635, 8865.49494984406, 5600.512960778298, 7
492, 8145.813112464544, Server_01, 2.7967194041584635, 8865.49494984406, 5614.214835778293, 7
493, 8164.5149874645385, Server_01, 2.7967194041584635, 8865.49494984406, 5627.916710778287, 7
494, 8183.216862464533, Server_01, 2.7967194041584635, 8865.49494984406, 5641.618585778281, 7
495, 8201.918737464523, Server_01, 2.796719404158625, 8865.494949846443, 5655.320460778271, 7
496, 8220.620612464507, Server_01, 2.796719404158819, 8865.494949846443, 5669.022335778255, 7
497, 8239.322487464491, Server_01, 2.796719404158819, 8865.494949846443, 5682.7242107782395, 7
498, 8258.024362464475, Server_01, 2.796719404158819, 8865.494949846443, 5696.426085778224, 7
499, 8276.72623746446, Server_01, 2.796719404158851, 8865.494949846443, 5710.127960778207, 7
500, 8294.068567464445, Server_01, 2.8482506275165895, 8865.494949846443, 5722.470290778192, 7
501, 8312.770442464429, Server_01, 2.796719404158819, 8865.494949846443, 5736.172165778176, 7
502, 8331.472317464413, Server_01, 2.796719404158819, 8865.494949846443, 5749.874040778161, 7
503, 8350.174192464397, Server_01, 2.796719404158819, 8865.494949846443, 5763.575915778145, 7
504, 8368.876067464382, Server_01, 2.796719404158819, 8865.494949846443, 5777.277790778129, 7
505, 8387.577942464366, Server_01, 2.796719404158819, 8865.494949846443, 5790.9796657781135, 7
506, 8406.27981746435, Server_01, 2.796719404158819, 8865.494949846443, 5804.681540778098, 7
507, 8423.622147464335, Server_01, 2.8482506275165895, 8865.494949846443, 5817.023870778083, 7
508, 8442.32402246432, Server_01, 2.796719404158819, 8865.494949846443, 5830.725745778067, 7
509, 8459.666352464305, Server_01, 2.8482506275165895, 8865.494949846443, 5843.068075778052, 7
510, 8477.00868246429, Server_01, 2.8482506275165895, 8865.494949846443, 5855.410405778037, 7
511, 8495.710557464274, Server_01, 2.796719404158819, 8865.494949846443, 5869.112280778021, 7
512, 8513.052887464259, Server_01, 2.8482506275165895, 8865.494949846443, 5881.454610778006, 7
513, 8530.395217464244, Server_01, 2.8482506275165895, 8865.494949846443, 5893.796940777991, 7
514, 8547.737547464229, Server_01, 2.8482506275165895, 8865.494949846443, 5906.139270777976, 7
515, 8566.439422464213, Server_01, 2.796719404158819, 8865.494949846443, 5919.84114577796, 7
516, 8585.141297464197, Server_01, 2.796719404158819, 8865.494949846443, 5933.543020777945, 7
517, 8603.843172464181, Server_01, 2.796719404158819, 8865.494949846443, 5947.244895777929, 7
518, 8622.545047464166, Server_01, 2.796719404158819, 8865.494949846443, 5960.946770777913, 7
519, 8639.88737746415, Server_01, 2.8482506275165895, 8865.494949846443, 5973.289100777898, 7
520, 8658.589252464135, Server_01, 2.796719404158819, 8865.494949846443, 5986.990975777882, 7
521, 8677.29112746412, Server_01, 2.796719404158819, 8865.494949846443, 6000.692850777867, 7
522, 8695.993002464103, Server_01, 2.796719404158819, 8865.494949846443, 6014.394725777851, 7
523, 8714.694877464088, Server_01, 2.796719404158819, 8865.494949846443, 6028.096600777835, 7
524, 8733.396752464072, Server_01, 2.796719404158819, 8865.494949846443, 6041.7984757778195, 7
525, 8752.098627464056, Server_01, 2.796719404158819, 8865.494949846443, 6055.500350777804, 7
526, 8770.80050246404, Server_01, 2.796719404158819, 8865.494949846443, 6069.202225777788, 7
527, 8789.502377464025, Server_01, 2.796719404158819, 8865.494949846443, 6082.904100777772, 7
528, 8808.20425246401, Server_01, 2.796719404158819, 8865.494949846443, 6096.605975777757, 7
529, 8826.906127463993, Server_01, 2.796719404158819, 8865.494949846443, 6110.307850777741, 7
530, 8845.608002463978, Server_01, 2.796719404158819, 8865.494949846443, 6124.009725777725, 7
531, 8864.309877463962, Server_01, 2.796719404158819, 8865.494949846443, 6137.7116007777095, 7
532, 8883.011752463946, Server_01, 2.796719404158819, 8865.494949846443, 6151.413475777694, 7
533, 8901.71362746393, Server_01, 2.796719404158819, 8865.494949846443, 6165.115350777678, 7
534, 8920.415502463915, Server_01, 2.796719404158819, 8865.494949846443, 6178.817225777662, 7
535, 8939.1173774639, Server_01, 2.796719404158819, 8865.494949846443, 6192.519100777647, 7
536, 8957.819252463883, Server_01, 2.796719404158819, 8865.494949846443, 6206.220975777631, 7
537, 8976.521127463868, Server_01, 2.796719404158819, 8865.494949846443, 6219.922850777615, 7
538, 8995.223002463852, Server_01, 2.796719404158819, 8865.494949846443, 6233.624725777599, 7
539, 9012.565332463837, Server_01, 2.8482506275165895, 8865.494949846443, 6245.967055777584, 7
540, 9031.267207463821, Server_01, 2.796719404158819, 8865.494949846443, 6259.668930777569, 7
541, 9049.969082463806, Server_01, 2.796719404158819, 8865.494949846443, 6273.370805777553, 7
542, 9068.67095746379, Server_01, 2.796719404158819, 8865.494949846443, 6287.072680777537, 7
543, 9087.372832463774, Server_01, 2.796719404158819, 8865.494949846443, 6300.7745557775215, 7
544, 9106.074707463758, Server_01, 2.796719404158819, 8865.494949846443, 6314.476430777506, 7
545, 9124.776582463743, Server_01, 2.796719404158819, 8865.494949846443, 6328.17830577749, 7
546, 9143.478457463727, Server_01, 2.796719404158819, 8865.494949846443, 6341.880180777474, 7
547, 9160.820787463712, Server_01, 2.8482506275165895, 8865.494949846443, 6354.222510777459, 7
548, 9179.522662463696, Server_01, 2.796719404158819, 8865.494949846443, 6367.924385777444, 7
549, 9196.864992463681, Server_01, 2.8482506275165895, 8865.494949846443, 6380.2667157774285, 7
550, 9215.566867463665, Server_01, 2.796719404158819, 8865.494949846443, 6393.968590777413, 7
551, 9234.26874246365, Server_01, 2.796719404158819, 8865.494949846443, 6407.670465777397, 7
552, 9252.970617463634, Server_01, 2.796719404158819, 8865.494949846443, 6421.372340777381, 7
553, 9271.672492463618, Server_01, 2.796719404158819, 8865.494949846443, 6435.074215777366, 7
554, 9290.374367463603, Server_01, 2.796719404158819, 8865.494949846443, 6448.77609077735, 7
555, 9309.076242463587, Server_01, 2.796719404158819, 8865.494949846443, 6462.477965777334, 7
556, 9327.778117463571, Server_01, 2.796719404158819, 8865.494949846443, 6476.1798407773185, 7
557, 9346.479992463555, Server_01, 2.796719404158819, 8865.494949846443, 6489.881715777303, 7
558, 9365.18186746354, Server_01, 2.796719404158819, 8865.494949846443, 6503.583590777287, 7
559, 9383.883742463524, Server_01, 2.796719404158819, 8865.494949846443, 6517.285465777271, 7
560, 9402.585617463508, Server_01, 2.796719404158819, 8865.494949846443, 6530.987340777256, 7
561, 9421.287492463493, Server_01, 2.796719404158819, 8865.494949846443, 6544.68921577724, 7
562, 9439.989367463477, Server_01, 2.796719404158819, 8865.494949846443, 6558.391090777224, 7
563, 9458.691242463461, Server_01, 2.796719404158819, 8865.494949846443, 6572.0929657772085, 7
564, 9477.393117463445, Server_01, 2.796719404158819, 8865.494949846443, 6585.794840777193, 7
565, 9494.73544746343, Server_01, 2.8482506275165895, 8865.494949846443, 6598.137170777178, 7
566, 9513.437322463415, Server_01, 2.796719404158819, 8865.494949846443, 6611.839045777162, 7
567, 9532.139197463399, Server_01, 2.796719404158819, 8865.494949846443, 6625.540920777146, 7
568, 9550.841072463383, Server_01, 2.796719404158819, 8865.494949846443, 6639.242795777131, 7
569, 9569.542947463367, Server_01, 2.796719404158819, 8865.494949846443, 6652.944670777115, 7
570, 9588.244822463352, Server_01, 2.796719404158819, 8865.494949846443, 6666.646545777099, 7
571, 9606.946697463336, Server_01, 2.796719404158819, 8865.494949846443, 6680.348420777083, 7
572, 9624.289027463321, Server_01, 2.8482506275165895, 8865.494949846443, 6692.690750777068, 7
573, 9642.990902463305, Server_01, 2.796719404158819, 8865.494949846443, 6706.392625777053, 7
574, 9660.33323246329, Server_01, 2.8482506275165895, 8865.494949846443, 6718.734955777038, 7
575, 9677.675562463275, Server_01, 2.8482506275165895, 8865.494949846443, 6731.077285777023, 7
576, 9696.37743746326, Server_01, 2.796719404158819, 8865.494949846443, 6744.779160777007, 7
577, 9713.719767463244, Server_01, 2.8482506275165895, 8865.494949846443, 6757.121490776992, 7
578, 9731.06209746323, Server_01, 2.8482506275165895, 8865.494949846443, 6769.463820776977, 7
579, 9748.404427463214, Server_01, 2.8482506275165895, 8865.494949846443, 6781.806150776962, 7
580, 9767.106302463199, Server_01, 2.796719404158819, 8865.494949846443, 6795.508025776946, 7
581, 9785.808177463183, Server_01, 2.796719404158819, 8865.494949846443, 6809.20990077693, 7
582, 9804.510052463167, Server_01, 2.796719404158819, 8865.494949846443, 6822.9117757769145, 7
583, 9823.211927463151, Server_01, 2.796719404158819, 8865.494949846443, 6836.613650776899, 7
584, 9840.554257463136, Server_01, 2.8482506275165895, 8865.494949846443, 6848.955980776884, 7
585, 9859.25613246312, Server_01, 2.796719404158819, 8865.494949846443, 6862.657855776868, 7
586, 9877.958007463105, Server_01, 2.796719404158819, 8865.494949846443, 6876.359730776852, 7
587, 9896.65988246309, Server_01, 2.796719404158819, 8865.494949846443, 6890.061605776837, 7
588, 9915.361757463073, Server_01, 2.796719404158819, 8865.494949846443, 6903.763480776821, 7
589, 9934.063632463058, Server_01, 2.796719404158819, 8865.494949846443, 6917.465355776805, 7
590, 9952.765507463042, Server_01, 2.796719404158819, 8865.494949846443, 6931.167230776789, 7
591, 9971.467382463026, Server_01, 2.796719404158819, 8865.494949846443, 6944.869105776774, 7
592, 9990.16925746301, Server_01, 2.796719404158819, 8865.494949846443, 6958.570980776758, 7
593, 10008.871132462995, Server_01, 2.796719404158819, 8865.494949846443, 6972.272855776742, 7
594, 10027.57300746298, Server_01, 2.796719404158819, 8865.494949846443, 6985.974730776727, 7
595, 10046.274882462963, Server_01, 2.796719404158819, 8865.494949846443, 6999.676605776711, 7
596, 10064.976757462948, Server_01, 2.796719404158819, 8865.494949846443, 7013.378480776695, 7
597, 10083.678632462932, Server_01, 2.796719404158819, 8865.494949846443, 7027.080355776679, 7
598, 10102.380507462916, Server_01, 2.796719404158819, 8865.494949846443, 7040.782230776664, 7
599, 10121.0823824629, Server_01, 2.796719404158819, 8865.494949846443, 7054.484105776648, 7
600, 10139.784257462885, Server_01, 2.796719404158819, 8865.494949846443, 7068.185980776632, 7
601, 10158.48613246287, Server_01, 2.796719404158819, 8865.494949846443, 7081.887855776617, 7
602, 10177.188007462853, Server_01, 2.796719404158819, 8865.494949846443, 7095.589730776601, 7
603, 10195.889882462838, Server_01, 2.796719404158819, 8865.494949846443, 7109.291605776585, 7
604, 10213.232212462823, Server_01, 2.8482506275165895, 8865.494949846443, 7121.63393577657, 7
605, 10231.934087462807, Server_01, 2.796719404158819, 8865.494949846443, 7135.335810776554, 7
606, 10250.635962462791, Server_01, 2.796719404158819, 8865.494949846443, 7149.037685776539, 7
607, 10269.337837462775, Server_01, 2.796719404158819, 8865.494949846443, 7162.739560776523, 7
608, 10288.03971246276, Server_01, 2.796719404158819, 8865.494949846443, 7176.441435776507, 7
609, 10306.741587462744, Server_01, 2.796719404158819, 8865.494949846443, 7190.1433107764915, 7
610, 10325.443462462728, Server_01, 2.796719404158819, 8865.494949846443, 7203.845185776476, 7
611, 10344.145337462713, Server_01, 2.796719404158819, 8865.494949846443, 7217.54706077646, 7
612, 10361.487667462698, Server_01, 2.8482506275165895, 8865.494949846443, 7229.889390776445, 7
613, 10380.189542462682, Server_01, 2.796719404158819, 8865.494949846443, 7243.591265776429, 7
614, 10397.531872462667, Server_01, 2.8482506275165895, 8865.494949846443, 7255.933595776414, 7
615, 10416.233747462651, Server_01, 2.796719404158819, 8865.494949846443, 7269.6354707763985, 7
616, 10434.935622462635, Server_01, 2.796719404158819, 8865.494949846443, 7283.337345776383, 7
617, 10453.63749746262, Server_01, 2.796719404158819, 8865.494949846443, 7297.039220776367, 7
618, 10472.339372462604, Server_01, 2.796719404158819, 8865.494949846443, 7310.741095776351, 7
619, 10491.041247462588, Server_01, 2.796719404158819, 8865.494949846443, 7324.442970776336, 7
620, 10509.743122462573, Server_01, 2.796719404158819, 8865.494949846443, 7338.14484577632, 7
621, 10528.444997462557, Server_01, 2.796719404158819, 8865.494949846443, 7351.846720776304, 7
622, 10547.146872462541, Server_01, 2.796719404158819, 8865.494949846443, 7365.5485957762885, 7
623, 10565.848747462525, Server_01, 2.796719404158819, 8865.494949846443, 7379.250470776273, 7
624, 10584.55062246251, Server_01, 2.796719404158819, 8865.494949846443, 7392.952345776257, 7
625, 10603.252497462494, Server_01, 2.796719404158819, 8865.494949846443, 7406.654220776241, 7
626, 10621.954372462478, Server_01, 2.796719404158819, 8865.494949846443, 7420.356095776226, 7
627, 10640.656247462462, Server_01, 2.796719404158819, 8865.494949846443, 7434.05797077621, 7
628, 10659.358122462447, Server_01, 2.796719404158819, 8865.494949846443, 7447.759845776194, 7
629, 10678.059997462431, Server_01, 2.796719404158819, 8865.494949846443, 7461.4617207761785, 7
630, 10695.402327462416, Server_01, 2.8482506275165895, 8865.494949846443, 7473.804050776163, 7
631, 10714.1042024624, Server_01, 2.796719404158819, 8865.494949846443, 7487.505925776148, 7
632, 10732.806077462385, Server_01, 2.796719404158819, 8865.494949846443, 7501.207800776132, 7
633, 10751.507952462369, Server_01, 2.796719404158819, 8865.494949846443, 7514.909675776116, 7
634, 10770.209827462353, Server_01, 2.796719404158819, 8865.494949846443, 7528.611550776101, 7
635, 10788.911702462337, Server_01, 2.796719404158819, 8865.494949846443, 7542.313425776085, 7
636, 10807.613577462322, Server_01, 2.796719404158819, 8865.494949846443, 7556.015300776069, 7
637, 10824.955907462307, Server_01, 2.8482506275165895, 8865.494949846443, 7568.357630776054, 7
638, 10843.657782462291, Server_01, 2.796719404158819, 8865.494949846443, 7582.059505776038, 7
639, 10861.000112462276, Server_01, 2.8482506275165895, 8865.494949846443, 7594.401835776023, 7
640, 10878.34244246226, Server_01, 2.8482506275165895, 8865.494949846443, 7606.744165776008, 7
641, 10897.044317462245, Server_01, 2.796719404158819, 8865.494949846443, 7620.4460407759925, 7
642, 10914.38664746223, Server_01, 2.8482506275165895, 8865.494949846443, 7632.7883707759775, 7
643, 10931.728977462215, Server_01, 2.8482506275165895, 8865.494949846443, 7645.130700775962, 7
644, 10949.0713074622, Server_01, 2.8482506275165895, 8865.494949846443, 7657.473030775947, 7
645, 10967.773182462184, Server_01, 2.796719404158819, 8865.494949846443, 7671.174905775932, 7
646, 10986.475057462168, Server_01, 2.796719404158819, 8865.494949846443, 7684.876780775916, 7
647, 11005.176932462153, Server_01, 2.796719404158819, 8865.494949846443, 7698.5786557759, 7
648, 11023.878807462137, Server_01, 2.796719404158819, 8865.494949846443, 7712.2805307758845, 7
649, 11041.221137462122, Server_01, 2.8482506275165895, 8865.494949846443, 7724.622860775869, 7
650, 11059.923012462106, Server_01, 2.796719404158819, 8865.494949846443, 7738.324735775854, 7
651, 11078.62488746209, Server_01, 2.796719404158819, 8865.494949846443, 7752.026610775838, 7
652, 11097.326762462075, Server_01, 2.796719404158819, 8865.494949846443, 7765.728485775822, 7
653, 11116.02863746206, Server_01, 2.796719404158819, 8865.494949846443, 7779.430360775807, 7
654, 11134.730512462043, Server_01, 2.796719404158819, 8865.494949846443, 7793.132235775791, 7
655, 11153.432387462028, Server_01, 2.796719404158819, 8865.494949846443, 7806.834110775775, 7
656, 11172.134262462012, Server_01, 2.796719404158819, 8865.494949846443, 7820.535985775759, 7
657, 11190.836137461996, Server_01, 2.796719404158819, 8865.494949846443, 7834.237860775744, 7
658, 11209.53801246198, Server_01, 2.796719404158819, 8865.494949846443, 7847.939735775728, 7
659, 11228.239887461965, Server_01, 2.796719404158819, 8865.494949846443, 7861.641610775712, 7
660, 11246.94176246195, Server_01, 2.796719404158819, 8865.494949846443, 7875.3434857756965, 7
661, 11265.643637461933, Server_01, 2.796719404158819, 8865.494949846443, 7889.045360775681, 7
662, 11284.345512461918, Server_01, 2.796719404158819, 8865.494949846443, 7902.747235775665, 7
663, 11303.047387461902, Server_01, 2.796719404158819, 8865.494949846443, 7916.449110775649, 7
664, 11321.749262461886, Server_01, 2.796719404158819, 8865.494949846443, 7930.150985775634, 7
665, 11340.45113746187, Server_01, 2.796719404158819, 8865.494949846443, 7943.852860775618, 7
666, 11359.153012461855, Server_01, 2.796719404158819, 8865.494949846443, 7957.554735775602, 7
667, 11377.85488746184, Server_01, 2.796719404158819, 8865.494949846443, 7971.2566107755865, 7
668, 11396.556762461823, Server_01, 2.796719404158819, 8865.494949846443, 7984.958485775571, 7
669, 11413.899092461808, Server_01, 2.8482506275165895, 8865.494949846443, 7997.300815775556, 7
670, 11432.600967461793, Server_01, 2.796719404158819, 8865.494949846443, 8011.00269077554, 7
671, 11451.302842461777, Server_01, 2.796719404158819, 8865.494949846443, 8024.704565775524, 7
672, 11470.004717461761, Server_01, 2.796719404158819, 8865.494949846443, 8038.406440775509, 7
673, 11488.706592461745, Server_01, 2.796719404158819, 8865.494949846443, 8052.108315775493, 7
674, 11507.40846746173, Server_01, 2.796719404158819, 8865.494949846443, 8065.810190775477, 7
675, 11526.110342461714, Server_01, 2.796719404158819, 8865.494949846443, 8079.512065775461, 7
676, 11544.812217461698, Server_01, 2.796719404158819, 8865.494949846443, 8093.213940775446, 7
677, 11562.154547461683, Server_01, 2.8482506275165895, 8865.494949846443, 8105.556270775431, 7
678, 11580.856422461668, Server_01, 2.796719404158819, 8865.494949846443, 8119.258145775415, 7
679, 11598.198752461652, Server_01, 2.8482506275165895, 8865.494949846443, 8131.6004757754, 7
680, 11616.900627461637, Server_01, 2.796719404158819, 8865.494949846443, 8145.302350775384, 7
681, 11635.602502461621, Server_01, 2.796719404158819, 8865.494949846443, 8159.0042257753685, 7
682, 11654.304377461605, Server_01, 2.796719404158819, 8865.494949846443, 8172.706100775353, 7
683, 11673.00625246159, Server_01, 2.796719404158819, 8865.494949846443, 8186.407975775337, 7
684, 11691.708127461574, Server_01, 2.796719404158819, 8865.494949846443, 8200.109850775321, 7
685, 11710.410002461558, Server_01, 2.796719404158819, 8865.494949846443, 8213.811725775306, 7
686, 11729.111877461542, Server_01, 2.796719404158819, 8865.494949846443, 8227.51360077529, 7
687, 11747.813752461527, Server_01, 2.796719404158819, 8865.494949846443, 8241.215475775274, 7
688, 11766.515627461511, Server_01, 2.796719404158819, 8865.494949846443, 8254.917350775258, 7
689, 11785.217502461495, Server_01, 2.796719404158819, 8865.494949846443, 8268.619225775243, 7
690, 11803.91937746148, Server_01, 2.796719404158819, 8865.494949846443, 8282.321100775227, 7
691, 11822.621252461464, Server_01, 2.796719404158819, 8865.494949846443, 8296.022975775211, 7
692, 11841.323127461448, Server_01, 2.796719404158819, 8865.494949846443, 8309.724850775196, 7
693, 11860.025002461432, Server_01, 2.796719404158819, 8865.494949846443, 8323.42672577518, 7
694, 11878.726877461417, Server_01, 2.796719404158819, 8865.494949846443, 8337.128600775164, 7
695, 11896.069207461402, Server_01, 2.8482506275165895, 8865.494949846443, 8349.47093077515, 7
696, 11914.771082461386, Server_01, 2.796719404158819, 8865.494949846443, 8363.172805775133, 7
697, 11933.47295746137, Server_01, 2.796719404158819, 8865.494949846443, 8376.874680775118, 7
698, 11952.174832461355, Server_01, 2.796719404158819, 8865.494949846443, 8390.576555775102, 7
699, 11970.876707461339, Server_01, 2.796719404158819, 8865.494949846443, 8404.278430775086, 7
700, 11989.578582461323, Server_01, 2.796719404158819, 8865.494949846443, 8417.98030577507, 7
701, 12008.280457461307, Server_01, 2.796719404158819, 8865.494949846443, 8431.682180775055, 7
702, 12025.622787461292, Server_01, 2.8482506275165895, 8865.494949846443, 8444.02451077504, 7
703, 12044.324662461277, Server_01, 2.796719404158819, 8865.494949846443, 8457.726385775024, 7
704, 12061.666992461262, Server_01, 2.8482506275165895, 8865.494949846443, 8470.068715775009, 7
705, 12079.009322461246, Server_01, 2.8482506275165895, 8865.494949846443, 8482.411045774994, 7
706, 12097.71119746123, Server_01, 2.796719404158819, 8865.494949846443, 8496.112920774978, 7
707, 12114.819347461216, Server_01, 2.857851652602602, 8865.494949846443, 8508.221070774964, 7
708, 12131.751862461202, Server_01, 2.865206373654212, 8865.494949846443, 8520.15358577495, 7
709, 12148.567287461188, Server_01, 2.8701850719381024, 8865.494949846443, 8531.969010774936, 7
710, 12166.742257461174, Server_01, 2.815887192177327, 8865.494949846443, 8545.143980774921, 7
711, 12184.85868246116, Server_01, 2.818077142937509, 8865.494949846443, 8558.260405774907, 7
712, 12202.975107461145, Server_01, 2.818077142937509, 8865.494949846443, 8571.376830774892, 7
713, 12220.97444246113, Server_01, 2.8224945192444877, 8865.494949846443, 8584.376165774878, 7
714, 12237.555687461117, Server_01, 2.8803294229166587, 8865.494949846443, 8595.957410774865, 7
715, 12255.262297461104, Server_01, 2.833762141823771, 8865.494949846443, 8608.664020774851, 7
716, 12272.85181746109, Server_01, 2.8383614594371687, 8865.494949846443, 8621.253540774838, 7
717, 12290.207157461078, Server_01, 2.847723952489068, 8865.494949846443, 8633.608880774826, 7
718, 12306.085862461066, Server_01, 2.912355487927679, 8865.494949846443, 8644.487585774814, 7
719, 12321.788932461055, Server_01, 2.9207614284484227, 8865.494949846443, 8655.190655774803, 7
