0, 9.91751647201822, Server_01, 4.9999536060530145, 8865.494949843922, 0.0, 7
1, 13.418512296760488, Server_01, 4.9999536060530145, 8865.49494984392, 0.0, 7
2, 16.860963121502756, Server_01, 4.9999536060530145, 8865.49494984392, 0.0, 7
3, 20.303413946245023, Server_01, 4.9999536060530145, 8865.49494984392, 0.0, 7
4, 23.74586477098729, Server_01, 4.9999536060530145, 8865.49494984392, 0.0, 7
5, 27.188315595729556, Server_01, 4.9999536060530145, 8865.49494984392, 0.0, 7
6, 30.630766420471822, Server_01, 4.9999536060530145, 8865.49494984392, 0.0, 7
7, 34.07321724521409, Server_01, 4.9999536060530145, 8865.49494984392, 0.0, 7
8, 37.51566806995636, Server_01, 4.9999536060530145, 8865.494949843911, 0.0, 7
9, 41.09258109072344, Server_01, 4.9999536060530145, 8526.680501563726, 0.0, 7
10, 44.941217253975516, Server_01, 4.9999536060530145, 7915.376888786661, 0.0, 7
11, 48.92452486829281, Server_01, 4.9999536060530145, 7643.774400663578, 0.0, 7
12, 52.95630907315563, Server_01, 4.9999536060530145, 7550.514442544323, 0.0, 7
13, 57.334977041108445, Server_01, 4.9999536060530145, 6944.246777821738, 0.0, 7
14, 61.887152648452386, Server_01, 4.9999536060530145, 6676.116178969187, 0.0, 7
15, 66.7903408227775, Server_01, 4.9999536060530145, 6192.406524176925, 0.0, 7
16, 71.37618955972388, Server_01, 4.9999536060530145, 6626.460635979905, 0.0, 7
17, 76.72283821066145, Server_01, 4.9999536060530145, 5673.111190753806, 0.0, 7
18, 80.39313945984868, Server_01, 4.694143310325732, 5289.670365850199, 0.0, 6
19, 84.1262715485623, Server_01, 4.694143310325732, 5199.223623976801, 0.0, 6
20, 86.99426346500131, Server_01, 4.694143310325732, 6800.2708605064745, 0.0, 6
21, 94.5399500136437, Server_01, 4.9999536060530145, 5369.638326670228, 0.0, 7
22, 98.47839886926029, Server_01, 4.694143310325732, 5062.042106408589, 0.0, 6
23, 101.90343315477926, Server_01, 4.694143310325732, 5675.051479349877, 0.0, 6
24, 106.64073208354765, Server_01, 4.694143310325732, 4942.137718683907, 0.0, 6
25, 111.9134644260287, Server_01, 4.694143310325732, 4611.9533954804165, 0.0, 6
26, 115.63295592663388, Server_01, 4.694143310325732, 7986.848844981164, 0.0, 6
27, 124.35850895926403, Server_01, 4.9999536060530145, 4246.287312591247, 0.0, 7
28, 128.6506458193214, Server_01, 4.694143310325732, 4599.543442066883, 0.0, 6
29, 133.4277354175532, Server_01, 4.694143310325732, 4048.9179666033656, 0.0, 6
30, 138.19109482175438, Server_01, 4.694143310325732, 4060.734039357687, 0.0, 6
31, 143.01590626288873, Server_01, 4.694143310325732, 4008.378515124115, 0.0, 6
32, 148.28205756600846, Server_00, 4.694143310325732, 5494.291199345839, 0.0, 6
33, 180.5932188735155, Server_02, 4.041451653682011, 704.9342711847898, 0.6757024014972899, 6
34, 192.8874328504639, Server_03, 2.8208621593897174, 2936.3425996558694, 7.969916378445703, 6
35, 211.6727136293019, Server_04, 2.4879613056461736, 1195.9899307888318, 21.755197157283703, 6
36, 227.08296133136088, Server_05, 2.629347664391197, 1418.582827055645, 32.16544485934267, 6
37, 233.15813802470137, Server_06, 3.850699206192859, 5494.291199345839, 33.240621552683166, 6
38, 238.01338929424497, Server_07, 4.694143310325732, 5494.291199345839, 33.240621552683166, 6
39, 240.2758933509362, Server_0, 3.164707984766047, 2148.83769203091, 33.240621552683166, 1
40, 245.46690931956059, Server_01, 4.694143310325732, 3724.028983726222, 33.240621552683166, 6
41, 272.64914034878143, Server_07, 2.3284694181192656, 739.8533203858367, 52.731623876763194, 6
42, 300.7592575660107, Server_00, 2.256691594921797, 5494.291199345839, 75.84174109399248, 6
43, 305.8629611961757, Server_01, 4.494899329362228, 3786.7986718536745, 75.94544472415748, 6
44, 309.02273161161594, Server_01, 4.3882382694953606, 3922.642946053986, 75.94544472415748, 5
45, 309.6466099870367, Server_01, 3.164707984766047, 3537.73558568234, 75.94544472415748, 1
46, 312.94956410567147, Server_01, 4.3882382694953606, 3816.333587504148, 75.94544472415748, 5
47, 316.17841671311743, Server_01, 4.3882382694953606, 3889.458500863525, 75.94544472415748, 5
48, 321.1731983935162, Server_01, 4.694143310325732, 3870.3573667493856, 75.94544472415748, 6
49, 326.0576536905094, Server_01, 4.694143310325732, 3958.8386074857767, 75.94544472415748, 6
50, 332.6014980285312, Server_01, 4.694143310325732, 3723.6507432122994, 75.94544472415748, 6
51, 335.94604192876403, Server_01, 4.3882382694953606, 3802.620246673756, 75.94544472415748, 5
52, 339.1841415710767, Server_01, 4.3882382694953606, 3826.0075288882977, 75.94544472415748, 5
53, 343.30409494589594, Server_01, 4.694143310325732, 4710.667014689598, 75.94544472415748, 6
54, 347.7775427964328, Server_01, 4.694143310325732, 4327.388539858083, 75.94544472415748, 6
55, 352.2448637817658, Server_01, 4.694143310325732, 4333.402301128003, 75.94544472415748, 6
56, 356.70549434512367, Server_01, 4.694143310325732, 4339.9883362164255, 75.94544472415748, 6
57, 361.1642712595495, Server_01, 4.694143310325732, 4341.816606839673, 75.94544472415748, 6
58, 365.65310731132223, Server_01, 4.694143310325732, 4312.357760864308, 75.94544472415748, 6
59, 370.1774316273448, Server_01, 4.694143310325732, 4278.08869360248, 75.94544472415748, 6
60, 374.58585407694034, Server_01, 4.694143310325732, 4392.077758828884, 75.94544472415748, 6
61, 378.99627854622986, Server_01, 4.694143310325732, 4390.05724648871, 75.94544472415748, 6
62, 383.502737844065, Server_01, 4.694143310325732, 4295.271608380269, 75.94544472415748, 6
63, 388.05976713077786, Server_01, 4.694143310325732, 4246.986047373825, 75.94544472415748, 6
64, 392.68999250597403, Server_01, 4.694143310325732, 4178.988562642047, 75.94544472415748, 6
65, 397.35443739103187, Server_01, 4.694143310325732, 4147.940788287463, 75.94544472415748, 6
66, 402.01455487754396, Server_01, 4.694143310325732, 4151.841583719386, 75.94544472415748, 6
67, 406.6720412834999, Server_01, 4.694143310325732, 4154.2168759223005, 75.94544472415748, 6
68, 411.3295154137609, Server_01, 4.694143310325732, 4154.2279645687195, 75.94544472415748, 6
69, 415.98696875267757, Server_01, 4.694143310325732, 4154.246745544016, 75.94544472415748, 6
70, 420.6444017509392, Server_01, 4.694143310325732, 4154.265119572716, 75.94544472415748, 6
71, 425.3018148722667, Server_01, 4.694143310325732, 4154.283074872183, 75.94544472415748, 6
72, 430.1065602260971, Server_01, 4.694143310325732, 4057.716307736674, 75.94544472415748, 6
73, 434.8561548551356, Server_01, 4.694143310325732, 4072.6493025646396, 75.94544472415748, 6
74, 439.49909196587424, Server_01, 4.694143310325732, 4167.400941827775, 75.94544472415748, 6
75, 444.11591907431244, Server_01, 4.694143310325732, 4191.271962881175, 75.94544472415748, 6
76, 448.73819734701704, Server_01, 4.694143310325732, 4186.265686092076, 75.94544472415748, 6
77, 453.35473449350457, Server_01, 4.694143310325732, 4191.538595502533, 75.94544472415748, 6
78, 458.0913062329442, Server_01, 4.694143310325732, 4083.98691673329, 75.94544472415748, 6
79, 462.8552495485349, Server_01, 4.694143310325732, 4060.2301268944652, 75.94544472415748, 6
80, 467.54175529172244, Server_01, 4.694143310325732, 4128.168119862073, 75.94544472415748, 6
81, 472.20398740831206, Server_01, 4.694143310325732, 4149.934501663694, 75.94544472415748, 6
82, 476.9759527622733, Server_01, 4.694143310325732, 4053.319790148497, 75.94544472415748, 6
83, 481.8457805975121, Server_01, 4.694143310325732, 3970.874432920719, 75.94544472415748, 6
84, 486.7155630408949, Server_01, 4.694143310325732, 3970.9118963305855, 75.94544472415748, 6
85, 491.67728776920194, Server_01, 4.694143310325732, 3896.451090646933, 75.94544472415748, 6
86, 496.63469400538327, Server_01, 4.694143310325732, 3899.8859283657343, 75.94544472415748, 6
87, 501.6102066178795, Server_01, 4.694143310325732, 3885.524881523626, 75.94544472415748, 6
88, 506.58304709073263, Server_01, 4.694143310325732, 3887.6376289413397, 75.94544472415748, 6
89, 511.5429840722784, Server_01, 4.694143310325732, 3897.8722925920283, 75.94544472415748, 6
90, 516.5115702769182, Server_01, 4.694143310325732, 3891.0060432785103, 75.94544472415748, 6
91, 521.467607266698, Server_01, 4.694143310325732, 3900.97626292572, 75.94544472415748, 6
92, 526.4416160369161, Server_01, 4.694143310325732, 3886.713623189243, 75.94544472415748, 6
93, 531.4169625538925, Server_01, 4.694143310325732, 3885.656139267666, 75.94544472415748, 6
94, 536.3856173504678, Server_01, 4.694143310325732, 3890.9516877454357, 75.94544472415748, 6
95, 541.3557395963617, Server_01, 4.694143310325732, 3889.789174337394, 75.94544472415748, 6
96, 546.3278180796746, Server_01, 4.694143310325732, 3888.2405228097955, 75.94544472415748, 6
97, 551.2935812953731, Server_01, 4.694143310325732, 3893.2444330439007, 75.94544472415748, 6
98, 556.2670037863394, Server_01, 4.694143310325732, 3887.1772562216493, 75.94544472415748, 6
99, 561.2158539166763, Server_01, 4.694143310325732, 3906.709191105946, 75.94544472415748, 6
100, 566.1711102738195, Server_01, 4.694143310325732, 3901.5981556948605, 75.94544472415748, 6
101, 571.2050187770146, Server_01, 4.694143310325732, 3885.6427154235625, 75.94544472415748, 6
102, 576.179045003249, Server_01, 4.694143310325732, 3886.699820565825, 75.94544472415748, 6
103, 581.1543287965161, Server_01, 4.694143310325732, 3885.705709272602, 75.94544472415748, 6
104, 586.1282720390612, Server_01, 4.694143310325732, 3886.7654373631253, 75.94544472415748, 6
105, 591.1034864726332, Server_01, 4.694143310325732, 3885.7605251122354, 75.94544472415748, 6
106, 596.0625438677654, Server_01, 4.694143310325732, 3898.5719164750076, 75.94544472415748, 6
107, 600.9311001668669, Server_01, 4.694143310325732, 3971.9241415437996, 75.94544472415748, 6
108, 605.9330545583925, Server_01, 4.694143310325732, 3864.7416159283284, 75.94544472415748, 6
109, 611.0164777501158, Server_01, 4.694143310325732, 3802.0822139467773, 75.94544472415748, 6
110, 613.5670777948889, Server_01, 4.3882382694953606, 4881.513362040349, 75.94544472415748, 5
111, 617.7463434475422, Server_01, 4.694143310325732, 4983.350405898137, 75.94544472415748, 6
112, 622.5861518024403, Server_01, 4.694143310325732, 4098.295641305358, 75.94544472415748, 6
113, 627.5061137340874, Server_01, 4.694143310325732, 3929.9241905439635, 75.94544472415748, 6
114, 632.589270050139, Server_01, 4.694143310325732, 3802.284156580865, 75.94544472415748, 6
115, 635.8014970512966, Server_01, 4.3882382694953606, 3857.3958932875357, 75.94544472415748, 5
116, 644.9401256181038, Server_01, 4.694143310325732, 4702.086184670495, 75.94544472415748, 6
117, 649.4054524597851, Server_01, 4.694143310325732, 4413.072170885203, 75.94544472415748, 6
118, 653.7635653285295, Server_01, 4.694143310325732, 4443.469805159603, 75.94544472415748, 6
119, 658.1964318678248, Server_01, 4.694143310325732, 4462.493675819189, 75.94544472415748, 6
120, 663.2534965030026, Server_01, 4.694143310325732, 3844.068495206135, 75.94544472415748, 6
121, 668.1433975446035, Server_01, 4.694143310325732, 3954.376335648625, 75.94544472415748, 6
122, 672.7085235642513, Server_01, 4.694143310325732, 4808.254796635917, 75.94544472415748, 6
123, 676.5385365293587, Server_01, 4.694143310325732, 5105.315188430593, 75.94544472415748, 6
124, 680.9458535661962, Server_01, 4.694143310325732, 4393.194179452386, 75.94544472415748, 6
125, 685.4992762795713, Server_01, 4.694143310325732, 4250.393718865931, 75.94544472415748, 6
126, 695.0205490312977, Server_01, 4.694143310325732, 4281.014003735508, 75.94544472415748, 6
127, 699.6202537653087, Server_01, 4.694143310325732, 4207.075090733588, 75.94544472415748, 6
128, 704.2898568206954, Server_01, 4.694143310325732, 4180.247776383024, 75.94544472415748, 6
129, 709.060517068757, Server_01, 4.694143310325732, 4054.442430680983, 75.94544472415748, 6
130, 713.9957752064336, Server_01, 4.694143310325732, 3917.5976647874445, 75.94544472415748, 6
131, 719.0617018175117, Server_01, 4.694143310325732, 3815.3672885111973, 75.94544472415748, 6
132, 722.3296560303228, Server_01, 4.3882382694953606, 3790.4172367426672, 75.94544472415748, 5
133, 725.2059322082913, Server_01, 4.3882382694953606, 4570.3169527723385, 75.94544472415748, 5
134, 734.4234378188436, Server_01, 4.694143310325732, 4593.695826675047, 75.94544472415748, 6
135, 738.7076484191659, Server_01, 4.694143310325732, 4521.181230843845, 75.94544472415748, 6
136, 742.4782834427226, Server_01, 4.694143310325732, 5146.696302826933, 75.94544472415748, 6
137, 746.818178037214, Server_01, 4.694143310325732, 4462.377943763663, 75.94544472415748, 6
138, 751.3332336006481, Server_01, 4.694143310325732, 4286.986360305635, 75.94544472415748, 6
139, 756.0497500382725, Server_01, 4.694143310325732, 4101.57087818979, 75.94544472415748, 6
140, 760.8718084372225, Server_01, 4.694143310325732, 4033.8590642006466, 75.94544472415748, 6
141, 765.9546487617076, Server_01, 4.694143310325732, 3802.5232925490454, 75.94544472415748, 6
142, 769.1430919586398, Server_01, 4.3882382694953606, 3886.7078845962214, 75.94544472415748, 5
143, 777.4869297999497, Server_01, 4.694143310325732, 5970.904932807442, 75.94544472415748, 6
144, 780.2280448292281, Server_01, 4.694143310325732, 7121.901680657783, 75.94544472415748, 6
145, 793.2385662648063, Server_01, 4.9999536060530145, 3798.677750135352, 75.94544472415748, 7
146, 796.5374385482475, Server_01, 4.3882382694953606, 3823.8651963254383, 75.94544472415748, 5
147, 800.895559254023, Server_01, 4.694143310325732, 4575.331426407996, 75.94544472415748, 6
148, 805.3870428416426, Server_01, 4.694143310325732, 4309.782240917345, 75.94544472415748, 6
149, 810.3594223635599, Server_01, 4.694143310325732, 3888.0023156631114, 75.94544472415748, 6
150, 815.4421364302153, Server_01, 4.694143310325732, 3802.61885030835, 75.94544472415748, 6
151, 818.4372822808651, Server_01, 4.3882382694953606, 4142.544601288961, 75.94544472415748, 5
152, 822.6990392079763, Server_01, 4.694143310325732, 4545.333504782543, 75.94544472415748, 6
153, 826.9759655761712, Server_01, 4.694143310325732, 4606.82327698548, 75.94544472415748, 6
154, 831.3052055707241, Server_01, 4.694143310325732, 4473.510757468717, 75.94544472415748, 6
155, 835.8343172494971, Server_01, 4.694143310325732, 4273.507448331692, 75.94544472415748, 6
156, 845.3351530985549, Server_01, 4.694143310325732, 4300.708947063205, 75.94544472415748, 6
157, 850.2445197544672, Server_01, 4.694143310325732, 3938.508020948203, 75.94544472415748, 6
158, 855.2309455009829, Server_01, 4.694143310325732, 3876.920116930246, 75.94544472415748, 6
159, 860.312208799243, Server_01, 4.694143310325732, 3803.717203614253, 75.94544472415748, 6
160, 863.3819369063613, Server_01, 4.3882382694953606, 4039.9403049394236, 75.94544472415748, 5
161, 866.4829906855264, Server_01, 4.694143310325732, 6279.357394407399, 75.94544472415748, 6
162, 870.0419137629228, Server_01, 4.9999536060530145, 8623.339609265056, 75.94544472415748, 7
163, 883.0787529286681, Server_01, 4.9999536060530145, 3807.209574609219, 75.94544472415748, 7
164, 886.1645555987859, Server_01, 4.3882382694953606, 4018.4884557668142, 75.94544472415748, 5
165, 890.8065374439408, Server_01, 4.694143310325732, 4201.615261706146, 75.94544472415748, 6
166, 895.5867888479793, Server_01, 4.694143310325732, 4047.880645006589, 75.94544472415748, 6
167, 900.6554388095641, Server_01, 4.694143310325732, 3813.293363410211, 75.94544472415748, 6
168, 903.9165090580836, Server_01, 4.3882382694953606, 3798.5648998781444, 75.94544472415748, 5
169, 906.602420306575, Server_01, 4.3882382694953606, 5183.708607806346, 75.94544472415748, 5
170, 911.3595656954469, Server_01, 4.694143310325732, 4165.498543359465, 75.94544472415748, 6
171, 916.3917963356727, Server_01, 4.694143310325732, 3883.3762649525315, 75.94544472415748, 6
172, 921.4786623143965, Server_01, 4.694143310325732, 3803.125838151075, 75.94544472415748, 6
173, 924.5394913547725, Server_01, 4.3882382694953606, 4053.593049033441, 75.94544472415748, 5
174, 932.7255582624662, Server_01, 4.694143310325732, 6108.670239208194, 75.94544472415748, 6
175, 939.1144043087331, Server_01, 4.9999536060530145, 4739.111107155194, 75.94544472415748, 7
176, 944.1563859792037, Server_01, 4.694143310325732, 3897.7583676945806, 75.94544472415748, 6
177, 949.3456278698834, Server_01, 4.694143310325732, 3804.475742315394, 75.94544472415748, 6
178, 952.6096750497163, Server_01, 4.3882382694953606, 3795.0371946507375, 75.94544472415748, 5
179, 955.6016884574337, Server_01, 4.3882382694953606, 4406.3530446477225, 75.94544472415748, 5
180, 964.9312628348993, Server_01, 4.694143310325732, 4473.160522098084, 75.94544472415748, 6
181, 969.7926271000454, Server_01, 4.694143310325732, 3977.8719425576232, 75.94544472415748, 6
182, 974.8099981914594, Server_01, 4.694143310325732, 3852.726360595577, 75.94544472415748, 6
183, 979.8907420484311, Server_01, 4.694143310325732, 3804.11061849508, 75.94544472415748, 6
184, 982.7608984548059, Server_01, 4.3882382694953606, 4326.70033007337, 75.94544472415748, 5
185, 986.1958535776151, Server_01, 4.694143310325732, 5658.37659084618, 75.94544472415748, 6
186, 989.2803285470189, Server_01, 4.694143310325732, 6313.761452901087, 75.94544472415748, 6
187, 1001.8526710617527, Server_01, 4.9999536060530145, 3996.7676842562196, 75.94544472415748, 7
188, 1006.8863998273321, Server_01, 4.694143310325732, 3840.0591616690326, 75.94544472415748, 6
189, 1011.9169260819657, Server_01, 4.694143310325732, 3874.5432112602043, 75.94544472415748, 6
190, 1017.0835484978937, Server_01, 4.694143310325732, 3833.541313978011, 75.94544472415748, 6
191, 1022.1011081114962, Server_01, 4.694143310325732, 3852.579895125834, 75.94544472415748, 6
192, 1025.8200071647768, Server_01, 4.694143310325732, 5578.650551586464, 75.94544472415748, 6
193, 1030.2166603503, Server_01, 4.694143310325732, 4403.993442062314, 75.94544472415748, 6
194, 1034.721972167475, Server_01, 4.694143310325732, 4362.22402883103, 75.94544472415748, 6
195, 1039.454200476184, Server_01, 4.694143310325732, 4167.216012067962, 75.94544472415748, 6
196, 1044.3116363984172, Server_01, 4.694143310325732, 3981.1282043288643, 75.94544472415748, 6
197, 1049.3116503339602, Server_01, 4.694143310325732, 3918.851597452972, 75.94544472415748, 6
198, 1054.3935738024722, Server_01, 4.694143310325732, 3803.217320724656, 75.94544472415748, 6
199, 1057.588902672729, Server_01, 4.3882382694953606, 3878.1760246058266, 75.94544472415748, 5
200, 1061.3974229238645, Server_01, 4.694143310325732, 5455.189286979016, 75.94544472415748, 6
201, 1065.101305131063, Server_01, 4.694143310325732, 5720.876473785626, 75.94544472415748, 6
202, 1074.6840649703004, Server_01, 4.694143310325732, 4227.892495503033, 75.94544472415748, 6
203, 1079.4010051814844, Server_01, 4.694143310325732, 4101.1977588617965, 75.94544472415748, 6
204, 1084.1144346258257, Server_01, 4.694143310325732, 4167.139226077768, 75.94544472415748, 6
205, 1088.7085437323326, Server_01, 4.694143310325732, 4213.090317007378, 75.94544472415748, 6
206, 1093.3475673941955, Server_01, 4.694143310325732, 4172.1702204782805, 75.94544472415748, 6
207, 1097.7818916875333, Server_01, 4.694143310325732, 4366.07943848725, 75.94544472415748, 6
208, 1102.2352443165264, Server_01, 4.694143310325732, 4347.175488174328, 75.94544472415748, 6
209, 1107.255997749614, Server_01, 4.694143310325732, 3850.100264352076, 75.94544472415748, 6
210, 1112.2275748552106, Server_01, 4.694143310325732, 3888.6373199631466, 75.94544472415748, 6
211, 1116.824137085604, Server_01, 4.694143310325732, 4263.6124385739595, 75.94544472415748, 6
212, 1121.296227531361, Server_01, 4.694143310325732, 4370.698092989989, 75.94544472415748, 6
213, 1126.2005782686297, Server_01, 4.694143310325732, 3942.5847910215025, 75.94544472415748, 6
214, 1131.2307987395634, Server_01, 4.694143310325732, 3842.7689240167288, 75.94544472415748, 6
215, 1136.2419428985208, Server_01, 4.694143310325732, 3857.570416423944, 75.94544472415748, 6
216, 1139.4485515256683, Server_01, 4.694143310325732, 6070.777067103441, 75.94544472415748, 6
217, 1151.7442100001222, Server_01, 4.9999536060530145, 4231.512901726171, 75.94544472415748, 7
218, 1156.8071702903587, Server_01, 4.694143310325732, 3817.6288121558478, 75.94544472415748, 6
219, 1159.988310562204, Server_01, 4.3882382694953606, 3957.2674128236986, 75.94544472415748, 5
220, 1164.679220099398, Server_01, 4.694143310325732, 4125.00626439693, 75.94544472415748, 6
221, 1169.7359293959616, Server_01, 4.694143310325732, 3860.1279944342145, 75.94544472415748, 6
222, 1174.7825718447657, Server_01, 4.694143310325732, 3830.1176342456965, 75.94544472415748, 6
223, 1179.3103068280373, Server_01, 4.694143310325732, 4312.827490793434, 75.94544472415748, 6
224, 1183.4881077097964, Server_01, 4.694143310325732, 4683.1989999646, 75.94544472415748, 6
225, 1188.1193065543464, Server_01, 4.694143310325732, 4178.098900438536, 75.94544472415748, 6
226, 1192.878645501888, Server_01, 4.694143310325732, 4064.2070708058945, 75.94544472415748, 6
227, 1197.605724482832, Server_01, 4.694143310325732, 4092.291087091346, 75.94544472415748, 6
228, 1202.603950998835, Server_01, 4.694143310325732, 3874.4498208712585, 75.94544472415748, 6
229, 1207.6764115164, Server_01, 4.694143310325732, 3810.395275522766, 75.94544472415748, 6
230, 1210.4345993330778, Server_01, 4.3882382694953606, 4932.213921856956, 75.94544472415748, 5
231, 1219.1382865934452, Server_01, 4.694143310325732, 5241.222052627126, 75.94544472415748, 6
232, 1222.5364777739567, Server_01, 4.694143310325732, 5811.71590633545, 75.94544472415748, 6
233, 1225.3981351335087, Server_01, 4.694143310325732, 7013.17295516574, 75.94544472415748, 6
234, 1238.3190947428027, Server_01, 4.9999536060530145, 3816.8029021346174, 75.94544472415748, 7
235, 1241.5383438036838, Server_01, 4.3882382694953606, 3917.014006113011, 75.94544472415748, 5
236, 1246.32565635628, Server_01, 4.694143310325732, 4062.5865896016085, 75.94544472415748, 6
237, 1251.163456343741, Server_01, 4.694143310325732, 4050.5444038264245, 75.94544472415748, 6
238, 1256.03435501398, Server_01, 4.694143310325732, 3969.9908421425976, 75.94544472415748, 6
239, 1261.0115175561964, Server_01, 4.694143310325732, 3884.221498423659, 75.94544472415748, 6
240, 1266.092787970901, Server_01, 4.694143310325732, 3803.7118143205485, 75.94544472415748, 6
241, 1269.3055281966435, Server_01, 4.3882382694953606, 3856.768249700511, 75.94544472415748, 5
242, 1273.9752452750383, Server_01, 4.694143310325732, 4511.98818670309, 75.94544472415748, 6
243, 1278.8060727835057, Server_01, 4.694143310325732, 4003.325445654752, 75.94544472415748, 6
244, 1283.8877986508817, Server_01, 4.694143310325732, 3803.366931117566, 75.94544472415748, 6
245, 1286.6495458149075, Server_01, 4.3882382694953606, 4500.218356544774, 75.94544472415748, 5
246, 1289.9404915691593, Server_01, 4.694143310325732, 5910.467622206177, 75.94544472415748, 6
247, 1299.4409931941843, Server_01, 4.694143310325732, 4355.517739101632, 75.94544472415748, 6
248, 1304.540271658371, Server_01, 4.694143310325732, 3790.123031843925, 75.94544472415748, 6
249, 1307.7178520100722, Server_01, 4.3882382694953606, 3900.244347459976, 75.94544472415748, 5
250, 1311.711195972809, Server_01, 4.694143310325732, 5084.599023713288, 75.94544472415748, 6
251, 1315.4199858879604, Server_01, 4.694143310325732, 5309.287098824556, 75.94544472415748, 6
252, 1324.8158755687032, Server_01, 4.694143310325732, 4509.099161862572, 75.94544472415748, 6
253, 1329.6074504317176, Server_01, 4.694143310325732, 4036.526401258068, 75.94544472415748, 6
254, 1334.4325121814584, Server_01, 4.694143310325732, 4008.1680193485513, 75.94544472415748, 6
255, 1339.4579849584145, Server_01, 4.694143310325732, 3853.617069212408, 75.94544472415748, 6
256, 1344.5412571805653, Server_01, 4.694143310325732, 3802.196448750261, 75.94544472415748, 6
257, 1347.5385027756877, Server_01, 4.3882382694953606, 4139.584692701101, 75.94544472415748, 5
258, 1351.438096526724, Server_01, 4.694143310325732, 5002.028973669721, 75.94544472415748, 6
259, 1354.6391319095583, Server_01, 4.694143310325732, 6079.573100481229, 75.94544472415748, 6
260, 1367.394928211806, Server_01, 4.9999536060530145, 4181.449323546005, 75.94544472415748, 7
261, 1372.4909131536672, Server_01, 4.694143310325732, 3813.2006726592444, 75.94544472415748, 6
262, 1375.5985664625139, Server_01, 4.3882382694953606, 4024.74461646407, 75.94544472415748, 5
263, 1380.5826536031277, Server_01, 4.694143310325732, 3879.147228522616, 75.94544472415748, 6
264, 1385.6657911767259, Server_01, 4.694143310325732, 3802.298339648087, 75.94544472415748, 6
265, 1388.7414042492205, Server_01, 4.3882382694953606, 4032.060168248626, 75.94544472415748, 5
266, 1392.4907665363828, Server_01, 4.694143310325732, 5750.349926769154, 75.94544472415748, 6
267, 1395.705187378523, Server_01, 4.694143310325732, 6221.60756355865, 75.94544472415748, 6
268, 1408.6409305488507, Server_01, 4.9999536060530145, 3834.5683048638516, 75.94544472415748, 7
269, 1413.3114824871182, Server_01, 4.694143310325732, 4180.543429035172, 75.94544472415748, 6
270, 1417.6518392055732, Server_01, 4.694143310325732, 4461.896331792438, 75.94544472415748, 6
271, 1422.132197902172, Server_01, 4.694143310325732, 4320.625270733487, 75.94544472415748, 6
272, 1426.6586299867924, Server_01, 4.694143310325732, 4276.0704642166575, 75.94544472415748, 6
273, 1431.4077166911275, Server_01, 4.694143310325732, 4073.0903175519115, 75.94544472415748, 6
274, 1436.3056813182375, Server_01, 4.694143310325732, 3947.787435703199, 75.94544472415748, 6
275, 1441.320115106854, Server_01, 4.694143310325732, 3855.0098307055846, 75.94544472415748, 6
276, 1446.3728244277736, Server_01, 4.694143310325732, 3825.4648370245372, 75.94544472415748, 6
277, 1450.44642858582, Server_01, 4.694143310325732, 4765.035239496004, 75.94544472415748, 6
278, 1454.3427081361751, Server_01, 4.694143310325732, 4978.197358186964, 75.94544472415748, 6
279, 1458.4574783509963, Server_01, 4.694143310325732, 4710.044188422275, 75.94544472415748, 6
280, 1462.4719067597725, Server_01, 4.694143310325732, 4829.515439614729, 75.94544472415748, 6
281, 1466.028780937979, Server_01, 4.694143310325732, 5461.178473146185, 75.94544472415748, 6
282, 1469.7867442097827, Server_01, 4.694143310325732, 5243.1609286477515, 75.94544472415748, 6
283, 1479.0343658837264, Server_01, 4.694143310325732, 4577.928758841955, 75.94544472415748, 6
284, 1483.446794380998, Server_01, 4.694143310325732, 4388.036568266689, 75.94544472415748, 6
285, 1487.988764360003, Server_01, 4.694143310325732, 4261.251183964362, 75.94544472415748, 6
286, 1492.7533447122287, Server_01, 4.694143310325732, 4059.6805102547028, 75.94544472415748, 6
287, 1497.5930736095836, Server_01, 4.694143310325732, 3995.8722379554974, 75.94544472415748, 6
288, 1502.567672548785, Server_01, 4.694143310325732, 3886.247025821742, 75.94544472415748, 6
289, 1507.6582053398856, Server_01, 4.694143310325732, 3805.9891954339746, 75.94544472415748, 6
290, 1510.809386202842, Server_01, 4.3882382694953606, 3933.537777826627, 75.94544472415748, 5
291, 1519.2877212385793, Server_01, 4.694143310325732, 5714.986574907673, 75.94544472415748, 6
292, 1521.9602666169544, Server_01, 4.694143310325732, 7399.132082101192, 75.94544472415748, 6
293, 1527.5818828330766, Server_01, 4.9999536060530145, 5397.197370034664, 75.94544472415748, 7
294, 1532.6922701622382, Server_01, 4.694143310325732, 3781.788653560618, 75.94544472415748, 6
295, 1535.8014221871956, Server_01, 4.3882382694953606, 3987.7309337049405, 75.94544472415748, 5
296, 1545.8004298619392, Server_01, 4.694143310325732, 3905.8759300604543, 75.94544472415748, 6
297, 1550.8769232106893, Server_01, 4.694143310325732, 3807.332932145302, 75.94544472415748, 6
298, 1554.0901234291844, Server_01, 4.3882382694953606, 3856.2058790702195, 75.94544472415748, 5
299, 1557.8658573211196, Server_01, 4.694143310325732, 5355.661953718279, 75.94544472415748, 6
300, 1561.5428780224279, Server_01, 4.694143310325732, 5339.72338198716, 75.94544472415748, 6
301, 1565.840462982718, Server_01, 4.694143310325732, 4570.033017974262, 75.94544472415748, 6
302, 1575.000143953099, Server_01, 4.694143310325732, 4658.465395436625, 75.94544472415748, 6
303, 1579.8399088800325, Server_01, 4.694143310325732, 4017.6431379832848, 75.94544472415748, 6
304, 1584.7761756302755, Server_01, 4.694143310325732, 3916.7875861407033, 75.94544472415748, 6
305, 1589.7924152528415, Server_01, 4.694143310325732, 3853.605648286592, 75.94544472415748, 6
306, 1594.864145283318, Server_01, 4.694143310325732, 3810.9505003018126, 75.94544472415748, 6
307, 1597.6282017219025, Server_01, 4.3882382694953606, 4496.377219667257, 75.94544472415748, 5
308, 1600.8159065226791, Server_01, 4.694143310325732, 6110.479067618258, 75.94544472415748, 6
309, 1612.7218629473982, Server_01, 4.9999536060530145, 4381.217680553084, 75.94544472415748, 7
310, 1617.7971106662637, Server_01, 4.694143310325732, 3808.278279706557, 75.94544472415748, 6
311, 1620.9631456565298, Server_01, 4.3882382694953606, 3914.735055657787, 75.94544472415748, 5
312, 1625.5702657333852, Server_01, 4.694143310325732, 4200.216480368283, 75.94544472415748, 6
313, 1630.279959766341, Server_01, 4.694143310325732, 4107.587149891603, 75.94544472415748, 6
314, 1635.227124434327, Server_01, 4.694143310325732, 3908.0561175813277, 75.94544472415748, 6
315, 1640.3376939454404, Server_01, 4.694143310325732, 3822.523748375285, 75.94544472415748, 6
316, 1645.1571717626566, Server_01, 4.694143310325732, 4012.8690602215324, 75.94544472415748, 6
317, 1649.9740800310362, Server_01, 4.694143310325732, 4472.481251710047, 75.94544472415748, 6
318, 1654.8459310910596, Server_01, 4.694143310325732, 4081.1206389334707, 75.94544472415748, 6
319, 1659.4799420577408, Server_01, 4.694143310325732, 4175.531003645095, 75.94544472415748, 6
320, 1664.040821843647, Server_01, 4.694143310325732, 4243.370399497282, 75.94544472415748, 6
321, 1668.8972400500804, Server_01, 4.694143310325732, 3981.97267372199, 75.94544472415748, 6
322, 1673.8591117189512, Server_01, 4.694143310325732, 3896.334323652173, 75.94544472415748, 6
323, 1678.9422040716609, Server_01, 4.694143310325732, 3802.3325603046524, 75.94544472415748, 6
324, 1681.9998638826244, Server_01, 4.3882382694953606, 4056.196833655788, 75.94544472415748, 5
325, 1685.402467094035, Server_01, 4.694143310325732, 5713.118250995149, 75.94544472415748, 6
326, 1693.5703578249525, Server_01, 4.694143310325732, 6233.641510248462, 75.94544472415748, 6
327, 1701.3079849186622, Server_01, 4.9999536060530145, 3906.7169270887925, 75.94544472415748, 7
328, 1706.31788594126, Server_01, 4.694143310325732, 3906.210784539151, 75.94544472415748, 6
329, 1711.3163913021533, Server_01, 4.694143310325732, 4081.7084344348555, 75.94544472415748, 6
330, 1716.242653877849, Server_01, 4.694143310325732, 3924.8374012885442, 75.94544472415748, 6
331, 1721.1600836538566, Server_01, 4.694143310325732, 3931.972228347121, 75.94544472415748, 6
332, 1726.282958558095, Server_01, 4.694143310325732, 3804.2580882004154, 75.94544472415748, 6
333, 1729.494223215729, Server_01, 4.3882382694953606, 3858.573333833802, 75.94544472415748, 5
334, 1734.0752781639483, Server_01, 4.694143310325732, 4226.431284984989, 75.94544472415748, 6
335, 1739.0487575554646, Server_01, 4.694143310325732, 3891.0950755558597, 75.94544472415748, 6
336, 1744.1316137285967, Server_01, 4.694143310325732, 3802.5112979000796, 75.94544472415748, 6
337, 1746.9325210744043, Server_01, 4.3882382694953606, 4435.956473292963, 75.94544472415748, 5
338, 1750.5585886343779, Server_01, 4.694143310325732, 5361.1474177038435, 75.94544472415748, 6
339, 1758.977274005942, Server_01, 4.694143310325732, 5819.38899872437, 75.94544472415748, 6
340, 1762.8200660854375, Server_01, 4.694143310325732, 5246.2776099207595, 75.94544472415748, 6
341, 1767.2749200239004, Server_01, 4.694143310325732, 4386.95028570458, 75.94544472415748, 6
342, 1771.7856929012441, Server_01, 4.694143310325732, 4291.1100973113025, 75.94544472415748, 6
343, 1776.70557149309, Server_01, 4.694143310325732, 3947.722338712056, 75.94544472415748, 6
344, 1781.7875439254522, Server_01, 4.694143310325732, 3803.1802503846925, 75.94544472415748, 6
345, 1784.9353705083429, Server_01, 4.3882382694953606, 3937.808734358631, 75.94544472415748, 5
346, 1792.3067151019377, Server_01, 4.694143310325732, 8260.551434249279, 75.94544472415748, 6
347, 1796.7306413016347, Server_01, 4.9999536060530145, 6872.252073217087, 75.94544472415748, 7
348, 1804.6122695851836, Server_01, 4.9999536060530145, 3966.0167051449394, 75.94544472415748, 7
349, 1809.5244021152198, Server_01, 4.694143310325732, 3936.2636156801805, 75.94544472415748, 6
350, 1814.3513083048692, Server_01, 4.694143310325732, 4161.352417095407, 75.94544472415748, 6
351, 1819.3462520843543, Server_01, 4.694143310325732, 4014.996486984254, 75.94544472415748, 6
352, 1824.422368071852, Server_01, 4.694143310325732, 3807.619273868728, 75.94544472415748, 6
353, 1827.6894761727121, Server_01, 4.3882382694953606, 3791.416786142939, 75.94544472415748, 5
354, 1830.4328429225357, Server_01, 4.3882382694953606, 4531.027060101893, 75.94544472415748, 5
355, 1839.9384064068008, Server_01, 4.694143310325732, 4296.136853849248, 75.94544472415748, 6
356, 1844.7568695055525, Server_01, 4.694143310325732, 4013.724522909537, 75.94544472415748, 6
357, 1849.417130456038, Server_01, 4.694143310325732, 4151.712145115063, 75.94544472415748, 6
358, 1854.1986842306812, Server_01, 4.694143310325732, 4045.090939184923, 75.94544472415748, 6
359, 1859.0208658447984, Server_01, 4.694143310325732, 4010.5913921691813, 75.94544472415748, 6
360, 1863.6312386286909, Server_01, 4.694143310325732, 4197.215032521061, 75.94544472415748, 6
361, 1867.92811681051, Server_01, 4.694143310325732, 4507.668269675988, 75.94544472415748, 6
362, 1872.6447461235105, Server_01, 4.694143310325732, 4101.471488328139, 75.94544472415748, 6
363, 1877.7253391585853, Server_01, 4.694143310325732, 3804.2248633561326, 75.94544472415748, 6
364, 1880.5977887587076, Server_01, 4.3882382694953606, 4323.1742822665865, 75.94544472415748, 5
365, 1888.2844800366438, Server_01, 4.694143310325732, 7269.382286819664, 75.94544472415748, 6
366, 1894.2427721090717, Server_01, 4.9999536060530145, 5084.963750429875, 75.94544472415748, 7
367, 1899.3688706845203, Server_01, 4.694143310325732, 3781.290313386882, 75.94544472415748, 6
368, 1902.6147369229377, Server_01, 4.3882382694953606, 3861.3467488636375, 75.94544472415748, 5
369, 1907.412882369955, Server_01, 4.694143310325732, 4158.573245603714, 75.94544472415748, 6
370, 1912.0741285557685, Server_01, 4.694143310325732, 4177.963562885935, 75.94544472415748, 6
371, 1916.924897596959, Server_01, 4.694143310325732, 3986.6666991751094, 75.94544472415748, 6
372, 1921.9381455777066, Server_01, 4.694143310325732, 3855.9324492782825, 75.94544472415748, 6
373, 1927.0209295956483, Server_01, 4.694143310325732, 3802.5659073494658, 75.94544472415748, 6
374, 1929.9559746127666, Server_01, 4.3882382694953606, 4229.09783681757, 75.94544472415748, 5
375, 1939.6695871857994, Server_01, 4.694143310325732, 4160.618808236696, 75.94544472415748, 6
376, 1944.107195929331, Server_01, 4.694143310325732, 4419.166243499395, 75.94544472415748, 6
377, 1948.8463099504922, Server_01, 4.694143310325732, 4129.709544899665, 75.94544472415748, 6
378, 1953.62902340043, Server_01, 4.694143310325732, 4044.0979618861884, 75.94544472415748, 6
379, 1958.6540702867176, Server_01, 4.694143310325732, 3846.7719206447928, 75.94544472415748, 6
380, 1963.736928753885, Server_01, 4.694143310325732, 3802.5095617235356, 75.94544472415748, 6
381, 1966.4577088226727, Server_01, 4.3882382694953606, 4569.468768037845, 75.94544472415748, 5
382, 1969.5011035550947, Server_01, 4.694143310325732, 6447.585137754946, 75.94544472415748, 6
383, 1981.106812059414, Server_01, 4.9999536060530145, 4582.136978892968, 75.94544472415748, 7
384, 1986.1853387741462, Server_01, 4.694143310325732, 3805.7907549609286, 75.94544472415748, 6
385, 1989.310088861058, Server_01, 4.3882382694953606, 3967.444986614697, 75.94544472415748, 5
386, 1994.249366809703, Server_01, 4.694143310325732, 3990.143350892737, 75.94544472415748, 6
387, 1999.2750847879502, Server_01, 4.694143310325732, 3846.2522009333875, 75.94544472415748, 6
388, 2004.2423674402125, Server_01, 4.694143310325732, 3892.039329336552, 75.94544472415748, 6
389, 2008.7873080571921, Server_01, 4.694143310325732, 4700.099094031707, 75.94544472415748, 6
390, 2013.1403906326475, Server_01, 4.694143310325732, 4528.2329126506165, 75.94544472415748, 6
391, 2018.1075837623068, Server_01, 4.694143310325732, 3892.110311301998, 75.94544472415748, 6
392, 2023.1733079821927, Server_01, 4.694143310325732, 3815.521506425308, 75.94544472415748, 6
393, 2026.0138017507015, Server_01, 4.3882382694953606, 4372.833942057447, 75.94544472415748, 5
394, 2029.890229279606, Server_01, 4.694143310325732, 5004.082722650551, 75.94544472415748, 6
395, 2039.1627546606123, Server_01, 4.694143310325732, 4533.718307306925, 75.94544472415748, 6
396, 2043.4189040060305, Server_01, 4.694143310325732, 4551.405618029282, 75.94544472415748, 6
397, 2047.356765376127, Server_01, 4.694143310325732, 4994.470077583954, 75.94544472415748, 6
398, 2050.9954014444666, Server_01, 4.694143310325732, 5368.769984067873, 75.94544472415748, 6
399, 2054.887801255015, Server_01, 4.694143310325732, 4987.86752976979, 75.94544472415748, 6
400, 2064.5855886670533, Server_01, 4.694143310325732, 4190.698479992709, 75.94544472415748, 6
401, 2069.3409495559663, Server_01, 4.694143310325732, 4118.9918522582175, 75.94544472415748, 6
402, 2074.0956326774267, Server_01, 4.694143310325732, 4068.2363903849996, 75.94544472415748, 6
403, 2078.924447766902, Server_01, 4.694143310325732, 4005.014316097176, 75.94544472415748, 6
404, 2083.9296433660893, Server_01, 4.694143310325732, 3862.2093105057806, 75.94544472415748, 6
405, 2089.006533906548, Server_01, 4.694143310325732, 3807.031589588905, 75.94544472415748, 6
406, 2091.824178543883, Server_01, 4.3882382694953606, 4409.047007722279, 75.94544472415748, 5
407, 2095.471228738332, Server_01, 4.694143310325732, 5323.9438052240885, 75.94544472415748, 6
408, 2102.8127543140977, Server_01, 4.694143310325732, 8551.785099271425, 75.94544472415748, 6
409, 2108.4388290789498, Server_01, 4.9999536060530145, 5388.386100670676, 75.94544472415748, 7
410, 2113.4807403899094, Server_01, 4.694143310325732, 3873.459088566553, 75.94544472415748, 6
411, 2118.6647237361703, Server_01, 4.694143310325732, 3825.3611598069624, 75.94544472415748, 6
412, 2123.836259548406, Server_01, 4.694143310325732, 3815.3297342700466, 75.94544472415748, 6
413, 2127.1334738080736, Server_01, 4.3882382694953606, 3756.1723734789703, 75.94544472415748, 5
414, 2129.631056986167, Server_01, 4.3882382694953606, 5105.833897977591, 75.94544472415748, 5
415, 2139.491488773976, Server_01, 4.694143310325732, 4026.896266564081, 75.94544472415748, 6
416, 2144.48387114369, Server_01, 4.694143310325732, 3938.401129423913, 75.94544472415748, 6
417, 2149.565318471359, Server_01, 4.694143310325732, 3803.5778427857877, 75.94544472415748, 6
418, 2152.7458483654905, Server_01, 4.3882382694953606, 3896.559532644551, 75.94544472415748, 5
419, 2157.182241177198, Server_01, 4.694143310325732, 4867.064710364479, 75.94544472415748, 6
420, 2161.593203113534, Server_01, 4.694143310325732, 4458.686101186268, 75.94544472415748, 6
421, 2166.2695595985106, Server_01, 4.694143310325732, 4137.241215271517, 75.94544472415748, 6
422, 2171.305889738074, Server_01, 4.694143310325732, 3869.267830156433, 75.94544472415748, 6
423, 2176.3676369646746, Server_01, 4.694143310325732, 3818.55442468883, 75.94544472415748, 6
424, 2179.6375127362676, Server_01, 4.3882382694953606, 3788.1491709323536, 75.94544472415748, 5
425, 2186.13217808974, Server_01, 4.3882382694953606, 8470.738521728883, 75.94544472415748, 5
426, 2189.635520405064, Server_01, 4.9999536060530145, 8708.785235794536, 75.94544472415748, 7
427, 2202.449767348225, Server_01, 4.9999536060530145, 3868.1218308619846, 75.94544472415748, 7
428, 2207.346929999363, Server_01, 4.694143310325732, 3948.441761151848, 75.94544472415748, 6
429, 2212.390007268483, Server_01, 4.694143310325732, 3876.0880567362133, 75.94544472415748, 6
430, 2217.4008582309007, Server_01, 4.694143310325732, 3857.7988001920344, 75.94544472415748, 6
431, 2221.9042873371927, Server_01, 4.694143310325732, 4309.975818716249, 75.94544472415748, 6
432, 2226.5727194678484, Server_01, 4.694143310325732, 4291.225349614918, 75.94544472415748, 6
433, 2231.371680666306, Server_01, 4.694143310325732, 4030.2368400090327, 75.94544472415748, 6
434, 2236.34318360221, Server_01, 4.694143310325732, 3888.6960257444166, 75.94544472415748, 6
435, 2241.3970552534875, Server_01, 4.694143310325732, 3824.57471427098, 75.94544472415748, 6
436, 2246.3482469232345, Server_01, 4.694143310325732, 3904.8395049927835, 75.94544472415748, 6
437, 2250.589434812186, Server_01, 4.694143310325732, 4937.450890016358, 75.94544472415748, 6
438, 2254.2638258458132, Server_01, 4.694143310325732, 5394.850356309397, 75.94544472415748, 6
439, 2257.6871550899227, Server_01, 4.694143310325732, 5677.927205420431, 75.94544472415748, 6
440, 2260.221399672712, Server_01, 4.694143310325732, 7717.010631182938, 75.94544472415748, 6
441, 2272.9906635528114, Server_01, 4.9999536060530145, 3890.6878160771826, 75.94544472415748, 7
442, 2277.9061627488513, Server_01, 4.694143310325732, 3933.535139280599, 75.94544472415748, 6
443, 2282.8693336432125, Server_01, 4.694143310325732, 3918.5473814401876, 75.94544472415748, 6
444, 2287.87589647729, Server_01, 4.694143310325732, 3869.0696233769922, 75.94544472415748, 6
445, 2292.9261112608724, Server_01, 4.694143310325732, 3827.376575036312, 75.94544472415748, 6
446, 2297.7944667474962, Server_01, 4.694143310325732, 4354.688571581256, 75.94544472415748, 6
447, 2302.426394975443, Server_01, 4.694143310325732, 4177.432558735326, 75.94544472415748, 6
448, 2307.3156243631897, Server_01, 4.694143310325732, 3954.926148448207, 75.94544472415748, 6
449, 2312.3430612611355, Server_01, 4.694143310325732, 3844.9216429719, 75.94544472415748, 6
450, 2317.407005665333, Server_01, 4.694143310325732, 3816.8782263364756, 75.94544472415748, 6
451, 2319.547755542423, Server_01, 4.3882382694953606, 5952.089880404914, 75.94544472415748, 5
452, 2322.577434141333, Server_01, 4.694143310325732, 6430.205631617818, 75.94544472415748, 6
453, 2329.0211764959813, Server_01, 4.9999536060530145, 4698.477701516139, 75.94544472415748, 7
454, 2334.131668013235, Server_01, 4.694143310325732, 3797.0548912294416, 75.94544472415748, 6
455, 2337.324673054813, Server_01, 4.3882382694953606, 3953.776567292931, 75.94544472415748, 5
456, 2341.8469335012624, Server_01, 4.694143310325732, 4853.0681418848735, 75.94544472415748, 6
457, 2345.6027155867228, Server_01, 4.694143310325732, 5201.294984556485, 75.94544472415748, 6
458, 2355.0401011858735, Server_01, 4.694143310325732, 4363.027054171556, 75.94544472415748, 6
459, 2359.844706614378, Server_01, 4.694143310325732, 4025.443899798619, 75.94544472415748, 6
460, 2364.7363252293353, Server_01, 4.694143310325732, 3952.9710329414397, 75.94544472415748, 6
461, 2369.819519717026, Server_01, 4.694143310325732, 3802.2552710993823, 75.94544472415748, 6
462, 2372.9354471619645, Server_01, 4.3882382694953606, 3978.89378220887, 75.94544472415748, 5
463, 2377.1083151824264, Server_01, 4.694143310325732, 4983.038312857545, 75.94544472415748, 6
464, 2380.7908162270946, Server_01, 4.694143310325732, 5417.968528452516, 75.94544472415748, 6
465, 2390.116131557809, Server_01, 4.694143310325732, 4655.146802602025, 75.94544472415748, 6
466, 2395.2129314475214, Server_01, 4.694143310325732, 3791.987586616345, 75.94544472415748, 6
467, 2398.40049047821, Server_01, 4.3882382694953606, 3887.806152573365, 75.94544472415748, 5
468, 2403.40465935329, Server_01, 4.694143310325732, 3966.1025868785114, 75.94544472415748, 6
469, 2408.5245568761584, Server_01, 4.694143310325732, 3803.0439474004156, 75.94544472415748, 6
470, 2411.7570907463833, Server_01, 4.3882382694953606, 3832.716653205412, 75.94544472415748, 5
471, 2415.5063542964567, Server_01, 4.694143310325732, 5457.310964996087, 75.94544472415748, 6
472, 2424.916077255906, Server_01, 4.694143310325732, 4415.058138529011, 75.94544472415748, 6
473, 2430.0257062963246, Server_01, 4.694143310325732, 3782.3563906524923, 75.94544472415748, 6
474, 2433.048241066197, Server_01, 4.3882382694953606, 4104.265177852827, 75.94544472415748, 5
475, 2438.0623113212428, Server_01, 4.694143310325732, 3860.1474356504145, 75.94544472415748, 6
476, 2443.1402257582927, Server_01, 4.694143310325732, 3806.2549966890424, 75.94544472415748, 6
477, 2446.3270121926544, Server_01, 4.3882382694953606, 3965.4302613419713, 75.94544472415748, 5
478, 2450.7315006343997, Server_01, 4.694143310325732, 4396.0535280981, 75.94544472415748, 6
479, 2460.6109070322395, Server_01, 4.694143310325732, 3970.5448887606644, 75.94544472415748, 6
480, 2465.5064346053878, Server_01, 4.694143310325732, 3949.7764796710185, 75.94544472415748, 6
481, 2470.5896018656895, Server_01, 4.694143310325732, 3802.275874734576, 75.94544472415748, 6
482, 2473.6912940763527, Server_01, 4.3882382694953606, 3997.5062518740547, 75.94544472415748, 5
483, 2477.348829755304, Server_01, 4.694143310325732, 5984.550390782499, 75.94544472415748, 6
484, 2480.5556421099473, Server_01, 4.694143310325732, 6068.417274607236, 75.94544472415748, 6
485, 2493.2627129806224, Server_01, 4.9999536060530145, 3922.3244462074913, 75.94544472415748, 7
486, 2498.3649483204385, Server_01, 4.694143310325732, 3802.7585793446297, 75.94544472415748, 6
487, 2501.3255462699976, Server_01, 4.3882382694953606, 4191.860111252515, 75.94544472415748, 5
488, 2504.5516299678334, Server_01, 4.694143310325732, 6580.556859141951, 75.94544472415748, 6
489, 2508.7267832012626, Server_01, 4.9999536060530145, 7374.84984072604, 75.94544472415748, 7
490, 2516.26435650556, Server_01, 4.9999536060530145, 4011.21626759475, 75.94544472415748, 7
491, 2521.4524797280924, Server_01, 4.694143310325732, 3810.6217934668134, 75.94544472415748, 6
492, 2524.6910659103974, Server_01, 4.3882382694953606, 3825.422157326279, 75.94544472415748, 5
493, 2529.5695961380384, Server_01, 4.694143310325732, 4004.9695897977376, 75.94544472415748, 6
494, 2534.6252877130346, Server_01, 4.694143310325732, 3823.398263727221, 75.94544472415748, 6
495, 2539.5901785708875, Server_01, 4.694143310325732, 3936.783434011618, 75.94544472415748, 6
496, 2544.418038194867, Server_01, 4.694143310325732, 4475.824969386401, 75.94544472415748, 6
497, 2549.1033159574317, Server_01, 4.694143310325732, 4129.263776499145, 75.94544472415748, 6
498, 2553.940866351676, Server_01, 4.694143310325732, 3997.6937508814963, 75.94544472415748, 6
499, 2558.9534570317887, Server_01, 4.694143310325732, 3856.4440527251945, 75.94544472415748, 6
500, 2564.01268289986, Server_01, 4.694143310325732, 3820.4797514639495, 75.94544472415748, 6
501, 2566.584539247693, Server_01, 4.3882382694953606, 4955.665133154999, 75.94544472415748, 5
502, 2570.0625415728473, Server_01, 4.694143310325732, 5587.143860360286, 75.94544472415748, 6
503, 2579.189172339667, Server_01, 4.694143310325732, 4731.771892835729, 75.94544472415748, 6
504, 2584.1010295052724, Server_01, 4.694143310325732, 3945.596818764731, 75.94544472415748, 6
505, 2589.2616432834648, Server_01, 4.694143310325732, 3832.3172564951956, 75.94544472415748, 6
506, 2594.4479146572758, Server_01, 4.694143310325732, 3848.2537974657184, 75.94544472415748, 6
507, 2599.2822592478415, Server_01, 4.694143310325732, 4000.3772431615857, 75.94544472415748, 6
508, 2604.318501238822, Server_01, 4.694143310325732, 4375.498704092141, 75.94544472415748, 6
509, 2609.248129528603, Server_01, 4.694143310325732, 3977.5666256979434, 75.94544472415748, 6
510, 2614.210587895795, Server_01, 4.694143310325732, 3895.868170880586, 75.94544472415748, 6
511, 2619.271009406455, Server_01, 4.694143310325732, 3819.5665085458986, 75.94544472415748, 6
512, 2622.5504464025717, Server_01, 4.3882382694953606, 3776.9040423170736, 75.94544472415748, 5
513, 2624.960779877378, Server_01, 4.3882382694953606, 5172.6590764078455, 75.94544472415748, 5
514, 2633.692301378212, Server_01, 4.694143310325732, 5210.756718669074, 75.94544472415748, 6
515, 2637.625891498918, Server_01, 4.694143310325732, 4953.811539763001, 75.94544472415748, 6
516, 2641.613442026859, Server_01, 4.694143310325732, 4937.279462611891, 75.94544472415748, 6
517, 2645.8196492025136, Server_01, 4.694143310325732, 4672.810247246887, 75.94544472415748, 6
518, 2655.4719292098303, Server_01, 4.694143310325732, 4158.925138165336, 75.94544472415748, 6
519, 2660.2448480353714, Server_01, 4.694143310325732, 4052.500015271131, 75.94544472415748, 6
520, 2665.1064406750675, Server_01, 4.694143310325732, 3977.6828033312154, 75.94544472415748, 6
521, 2669.897529887393, Server_01, 4.694143310325732, 4036.9406270399577, 75.94544472415748, 6
522, 2674.5888919139315, Server_01, 4.694143310325732, 4123.840827418476, 75.94544472415748, 6
523, 2679.357646558632, Server_01, 4.694143310325732, 4056.082731157136, 75.94544472415748, 6
524, 2684.292338732506, Server_01, 4.694143310325732, 3918.0523718322515, 75.94544472415748, 6
525, 2689.3750700655073, Server_01, 4.694143310325732, 3802.6057820562905, 75.94544472415748, 6
526, 2692.1810964071756, Server_01, 4.3882382694953606, 4427.691579012829, 75.94544472415748, 5
527, 2696.652306715474, Server_01, 4.694143310325732, 4836.2146641917625, 75.94544472415748, 6
528, 2700.697590255512, Server_01, 4.694143310325732, 5040.009268198506, 75.94544472415748, 6
529, 2709.125258305559, Server_01, 4.694143310325732, 5671.155063184523, 75.94544472415748, 6
530, 2713.9140818732485, Server_01, 4.694143310325732, 4054.1453667023407, 75.94544472415748, 6
531, 2718.9890970922256, Server_01, 4.694143310325732, 3808.454783151311, 75.94544472415748, 6
532, 2722.25010495571, Server_01, 4.3882382694953606, 3798.638897177954, 75.94544472415748, 5
533, 2725.1829909480284, Server_01, 4.3882382694953606, 4232.2744700471585, 75.94544472415748, 5
534, 2734.9276591994903, Server_01, 4.694143310325732, 4076.9307538036533, 75.94544472415748, 6
535, 2739.5716034632937, Server_01, 4.694143310325732, 4166.485599370166, 75.94544472415748, 6
536, 2744.280721113087, Server_01, 4.694143310325732, 4108.096236459893, 75.94544472415748, 6
537, 2748.9414683153736, Server_01, 4.694143310325732, 4151.273490440607, 75.94544472415748, 6
538, 2753.97286757355, Server_01, 4.694143310325732, 3876.565885575968, 75.94544472415748, 6
539, 2759.0549265323193, Server_01, 4.694143310325732, 3803.1147433459337, 75.94544472415748, 6
540, 2762.0140370799118, Server_01, 4.3882382694953606, 4195.758776925276, 75.94544472415748, 5
541, 2766.703233368557, Server_01, 4.694143310325732, 5072.07979035431, 75.94544472415748, 6
542, 2771.054459558214, Server_01, 4.694143310325732, 4640.983840148632, 75.94544472415748, 6
543, 2775.0661222623485, Server_01, 4.694143310325732, 4832.89429505694, 75.94544472415748, 6
544, 2784.3877740969365, Server_01, 4.694143310325732, 4481.473428015962, 75.94544472415748, 6
545, 2788.618569810901, Server_01, 4.694143310325732, 4579.06327058783, 75.94544472415748, 6
546, 2792.542382854454, Server_01, 4.694143310325732, 4942.736127153169, 75.94544472415748, 6
547, 2797.129649791648, Server_01, 4.694143310325732, 4397.315080310466, 75.94544472415748, 6
548, 2801.7461959628554, Server_01, 4.694143310325732, 4191.530296368454, 75.94544472415748, 6
549, 2806.4646813529826, Server_01, 4.694143310325732, 4099.837852105674, 75.94544472415748, 6
550, 2811.302808882912, Server_01, 4.694143310325732, 3997.211028445588, 75.94544472415748, 6
551, 2816.1738595526863, Server_01, 4.694143310325732, 3969.8654528328416, 75.94544472415748, 6
552, 2821.1784313627095, Server_01, 4.694143310325732, 3873.0299126320456, 75.94544472415748, 6
553, 2826.260673339128, Server_01, 4.694143310325732, 3802.9761925687603, 75.94544472415748, 6
554, 2829.2901791261916, Server_01, 4.3882382694953606, 4096.306824478397, 75.94544472415748, 5
555, 2837.9075620132116, Server_01, 4.694143310325732, 5368.325449630537, 75.94544472415748, 6
556, 2840.8057594754996, Server_01, 4.694143310325732, 6865.889511187897, 75.94544472415748, 6
557, 2853.360391559356, Server_01, 4.9999536060530145, 4002.087977954321, 75.94544472415748, 7
558, 2858.412162713971, Server_01, 4.694143310325732, 3846.7332356678926, 75.94544472415748, 6
559, 2863.5625568247515, Server_01, 4.694143310325732, 3802.923613069534, 75.94544472415748, 6
560, 2866.8204693059956, Server_01, 4.3882382694953606, 3802.314073427056, 75.94544472415748, 5
561, 2869.6316648694215, Server_01, 4.3882382694953606, 4733.184469745456, 75.94544472415748, 5
562, 2873.6125850412727, Server_01, 4.694143310325732, 4870.773233806253, 75.94544472415748, 6
563, 2878.340779756432, Server_01, 4.694143310325732, 4091.3133030040112, 75.94544472415748, 6
564, 2883.4233050289504, Server_01, 4.694143310325732, 3802.7617473947903, 75.94544472415748, 6
565, 2886.6551246104286, Server_01, 4.3882382694953606, 3833.579379170052, 75.94544472415748, 5
566, 2890.8909659798337, Server_01, 4.694143310325732, 4586.297379596456, 75.94544472415748, 6
567, 2895.119533585963, Server_01, 4.694143310325732, 4612.093789850851, 75.94544472415748, 6
568, 2904.944522449549, Server_01, 4.694143310325732, 4008.2293103156394, 75.94544472415748, 6
569, 2910.0238436346835, Server_01, 4.694143310325732, 3805.1885396853627, 75.94544472415748, 6
570, 2913.221677747162, Server_01, 4.3882382694953606, 3875.0811295601216, 75.94544472415748, 5
571, 2916.673450272884, Server_01, 4.694143310325732, 5754.63782025977, 75.94544472415748, 6
572, 2918.9478341049658, Server_01, 4.694143310325732, 8765.350351633879, 75.94544472415748, 6
573, 2931.530239710668, Server_01, 4.9999536060530145, 4002.7762561377317, 75.94544472415748, 7
574, 2936.533159333183, Server_01, 4.694143310325732, 3891.1253633172087, 75.94544472415748, 6
575, 2941.5089998819903, Server_01, 4.694143310325732, 3924.0292430877007, 75.94544472415748, 6
576, 2946.5730886156894, Server_01, 4.694143310325732, 3816.768170734018, 75.94544472415748, 6
577, 2949.7327132536325, Server_01, 4.3882382694953606, 3977.55671881626, 75.94544472415748, 5
578, 2953.630879716188, Server_01, 4.694143310325732, 4997.577715170104, 75.94544472415748, 6
579, 2957.94099780933, Server_01, 4.694143310325732, 4511.035086541283, 75.94544472415748, 6
580, 2962.3918008972105, Server_01, 4.694143310325732, 4349.698860528106, 75.94544472415748, 6
581, 2967.169858032126, Server_01, 4.694143310325732, 4048.087906938322, 75.94544472415748, 6
582, 2972.214665390041, Server_01, 4.694143310325732, 3831.527229944655, 75.94544472415748, 6
583, 2977.2704267379277, Server_01, 4.694143310325732, 3824.5800337406995, 75.94544472415748, 6
584, 2981.442139431162, Server_01, 4.694143310325732, 4712.854661335256, 75.94544472415748, 6
585, 2985.13765467065, Server_01, 4.694143310325732, 5252.998716505493, 75.94544472415748, 6
586, 2993.2875942443843, Server_01, 4.694143310325732, 6548.488188033594, 75.94544472415748, 6
587, 3000.250113000078, Server_01, 4.9999536060530145, 4345.323586327263, 75.94544472415748, 7
588, 3005.3591547684914, Server_01, 4.694143310325732, 3823.7105919705705, 75.94544472415748, 6
589, 3010.2520091837855, Server_01, 4.694143310325732, 4002.259174304694, 75.94544472415748, 6
590, 3015.1365962425734, Server_01, 4.694143310325732, 3958.730522294233, 75.94544472415748, 6
591, 3020.206205111039, Server_01, 4.694143310325732, 3812.5636594311427, 75.94544472415748, 6
592, 3023.3798111099827, Server_01, 4.3882382694953606, 3905.2204769421, 75.94544472415748, 5
593, 3028.085638141377, Server_01, 4.694143310325732, 4238.968369837487, 75.94544472415748, 6
594, 3032.407672561577, Server_01, 4.694143310325732, 4626.8203265939355, 75.94544472415748, 6
595, 3036.401396544625, Server_01, 4.694143310325732, 4859.198838188193, 75.94544472415748, 6
596, 3040.349513392537, Server_01, 4.694143310325732, 4911.851675977042, 75.94544472415748, 6
597, 3049.7733398268356, Server_01, 4.694143310325732, 4376.579216608919, 75.94544472415748, 6
598, 3054.671213670438, Server_01, 4.694143310325732, 3947.8614943176435, 75.94544472415748, 6
599, 3059.7493924273526, Server_01, 4.694143310325732, 3806.0545699539853, 75.94544472415748, 6
600, 3062.8061298257503, Server_01, 4.3882382694953606, 4057.444747875693, 75.94544472415748, 5
601, 3066.6845773152104, Server_01, 4.694143310325732, 5079.2832251477985, 75.94544472415748, 6
602, 3069.95530588065, Server_01, 4.694143310325732, 6059.081160852113, 75.94544472415748, 6
603, 3082.825797975602, Server_01, 4.9999536060530145, 4123.285410406186, 75.94544472415748, 7
604, 3087.8892144029, Server_01, 4.694143310325732, 3817.2808787446415, 75.94544472415748, 6
605, 3090.904260249143, Server_01, 4.3882382694953606, 4279.6631432631775, 75.94544472415748, 5
606, 3095.575663614731, Server_01, 4.694143310325732, 4141.683634278231, 75.94544472415748, 6
607, 3100.6422174261384, Server_01, 4.694143310325732, 3814.889453964694, 75.94544472415748, 6
608, 3103.940314945321, Server_01, 4.3882382694953606, 3755.148258275122, 75.94544472415748, 5
609, 3106.8254530133663, Server_01, 4.3882382694953606, 4328.136064488652, 75.94544472415748, 5
610, 3111.2301226704344, Server_01, 4.694143310325732, 4395.870230949076, 75.94544472415748, 6
611, 3116.2136319207953, Server_01, 4.694143310325732, 3879.215975750425, 75.94544472415748, 6
612, 3121.2140817115915, Server_01, 4.694143310325732, 3865.9182660865067, 75.94544472415748, 6
613, 3126.295781188182, Server_01, 4.694143310325732, 3803.386913349922, 75.94544472415748, 6
614, 3129.1789140877486, Server_01, 4.3882382694953606, 4306.8229534885595, 75.94544472415748, 5
615, 3137.347104049364, Server_01, 4.694143310325732, 6143.7881931297925, 75.94544472415748, 6
616, 3144.4915358710573, Server_01, 4.9999536060530145, 4284.738827190836, 75.94544472415748, 7
617, 3149.5402810023206, Server_01, 4.694143310325732, 3828.503766874541, 75.94544472415748, 6
618, 3154.1661014223087, Server_01, 4.694143310325732, 4227.071828547396, 75.94544472415748, 6
619, 3158.9280019889065, Server_01, 4.694143310325732, 4068.255508353955, 75.94544472415748, 6
620, 3164.011259817224, Server_01, 4.694143310325732, 3802.207340552953, 75.94544472415748, 6
621, 3167.0009496444754, Server_01, 4.3882382694953606, 4150.2555202661115, 75.94544472415748, 5
622, 3171.2965222035496, Server_01, 4.694143310325732, 4536.63989519628, 75.94544472415748, 6
623, 3176.0855234561295, Server_01, 4.694143310325732, 4222.256512786332, 75.94544472415748, 6
624, 3180.8849856109755, Server_01, 4.694143310325732, 4029.8109787620156, 75.94544472415748, 6
625, 3185.7592919013136, Server_01, 4.694143310325732, 3967.181687001341, 75.94544472415748, 6
626, 3195.7576472337305, Server_01, 4.694143310325732, 3867.5573988388705, 75.94544472415748, 6
627, 3200.8398617712273, Server_01, 4.694143310325732, 3802.9969641512307, 75.94544472415748, 6
628, 3203.926146937629, Server_01, 4.3882382694953606, 4017.8480752718706, 75.94544472415748, 5
629, 3207.601880276757, Server_01, 4.694143310325732, 5281.726636496686, 75.94544472415748, 6
630, 3211.460418016361, Server_01, 4.694143310325732, 5421.961226884158, 75.94544472415748, 6
631, 3214.2685025532173, Server_01, 4.694143310325732, 6948.436181369767, 75.94544472415748, 6
632, 3226.5813805368116, Server_01, 4.9999536060530145, 4135.459465101025, 75.94544472415748, 7
633, 3231.6680924233883, Server_01, 4.694143310325732, 3799.595445211359, 75.94544472415748, 6
634, 3234.8219329187605, Server_01, 4.3882382694953606, 3930.157885793991, 75.94544472415748, 5
635, 3239.680377213368, Server_01, 4.694143310325732, 3994.905888164805, 75.94544472415748, 6
636, 3244.7163586249944, Server_01, 4.694143310325732, 3893.2110787391343, 75.94544472415748, 6
637, 3249.7784905900285, Server_01, 4.694143310325732, 3818.260806399218, 75.94544472415748, 6
638, 3253.053643637735, Server_01, 4.3882382694953606, 4121.4534620164295, 75.94544472415748, 5
639, 3257.117217553279, Server_01, 4.694143310325732, 4776.395601431446, 75.94544472415748, 6
640, 3261.300479956442, Server_01, 4.694143310325732, 4631.832470595063, 75.94544472415748, 6
641, 3265.349258184813, Server_01, 4.694143310325732, 4787.940680800189, 75.94544472415748, 6
642, 3275.1262021856587, Server_01, 4.694143310325732, 4145.913287672789, 75.94544472415748, 6
643, 3280.039182835151, Server_01, 4.694143310325732, 3938.8661500347052, 75.94544472415748, 6
644, 3285.1212105525588, Server_01, 4.694143310325732, 3803.138395160843, 75.94544472415748, 6
645, 3288.0550663708746, Server_01, 4.3882382694953606, 4230.846947922314, 75.94544472415748, 5
646, 3291.8546788310705, Server_01, 4.694143310325732, 5555.041920621575, 75.94544472415748, 6
647, 3294.8642458208556, Server_01, 4.694143310325732, 6791.165948725485, 75.94544472415748, 6
648, 3307.5053858714264, Server_01, 4.9999536060530145, 4017.3500918377204, 75.94544472415748, 7
649, 3312.578365887923, Server_01, 4.694143310325732, 3842.1453190049674, 75.94544472415748, 6
650, 3317.5974413254166, Server_01, 4.694143310325732, 4004.6959524514973, 75.94544472415748, 6
651, 3322.551319934466, Server_01, 4.694143310325732, 3902.6962257858836, 75.94544472415748, 6
652, 3327.6339679369885, Server_01, 4.694143310325732, 3802.668852610523, 75.94544472415748, 6
653, 3330.6651464316133, Server_01, 4.3882382694953606, 4092.3309321504403, 75.94544472415748, 5
654, 3335.309689330176, Server_01, 4.694143310325732, 4165.941725788332, 75.94544472415748, 6
655, 3339.8268444122327, Server_01, 4.694143310325732, 4284.967657720303, 75.94544472415748, 6
656, 3344.4560317419673, Server_01, 4.694143310325732, 4179.9376590267775, 75.94544472415748, 6
657, 3349.49225057794, Server_01, 4.694143310325732, 3838.138180515421, 75.94544472415748, 6
658, 3354.412832553874, Server_01, 4.694143310325732, 3958.9595027546316, 75.94544472415748, 6
659, 3359.174721461958, Server_01, 4.694143310325732, 4635.0135671974995, 75.94544472415748, 6
660, 3363.191195290459, Server_01, 4.694143310325732, 4928.626166813605, 75.94544472415748, 6
661, 3367.158390642222, Server_01, 4.694143310325732, 4902.157140178144, 75.94544472415748, 6
662, 3370.9169279499315, Server_01, 4.694143310325732, 5247.696098277862, 75.94544472415748, 6
663, 3374.3750646849785, Server_01, 4.694143310325732, 5645.125047734208, 75.94544472415748, 6
664, 3383.6568763812043, Server_01, 4.694143310325732, 4576.290153650272, 75.94544472415748, 6
665, 3387.960567017922, Server_01, 4.694143310325732, 4505.383474763964, 75.94544472415748, 6
666, 3392.5497456291478, Server_01, 4.694143310325732, 4216.84948274401, 75.94544472415748, 6
667, 3397.4119103139915, Server_01, 4.694143310325732, 3977.2091159254696, 75.94544472415748, 6
668, 3402.34239489031, Server_01, 4.694143310325732, 3921.4361550920435, 75.94544472415748, 6
669, 3407.4814938144136, Server_01, 4.694143310325732, 3801.9361423131268, 75.94544472415748, 6
670, 3410.6567779598627, Server_01, 4.3882382694953606, 3903.1177882699653, 75.94544472415748, 5
671, 3418.064798726121, Server_01, 4.694143310325732, 8131.601216906988, 75.94544472415748, 6
672, 3423.2178861041416, Server_01, 4.9999536060530145, 5888.6545196733905, 75.94544472415748, 7
673, 3428.2874769213586, Server_01, 4.694143310325732, 3812.57739339729, 75.94544472415748, 6
674, 3431.5699056787944, Server_01, 4.3882382694953606, 3773.399078655123, 75.94544472415748, 5
675, 3434.7270108773905, Server_01, 4.3882382694953606, 3986.3573301808165, 75.94544472415748, 5
676, 3444.847879598736, Server_01, 4.694143310325732, 3809.6351315787733, 75.94544472415748, 6
677, 3448.1291974444707, Server_01, 4.3882382694953606, 3774.699794960853, 75.94544472415748, 5
678, 3451.1624741499763, Server_01, 4.3882382694953606, 4219.667259595614, 75.94544472415748, 5
679, 3455.4118309400474, Server_01, 4.694143310325732, 4562.675208136855, 75.94544472415748, 6
680, 3464.7417197805325, Server_01, 4.694143310325732, 4522.456308403654, 75.94544472415748, 6
681, 3469.8093911445103, Server_01, 4.694143310325732, 3840.7438446407814, 75.94544472415748, 6
682, 3474.837184814251, Server_01, 4.694143310325732, 3848.1163555466783, 75.94544472415748, 6
683, 3479.915156787344, Server_01, 4.694143310325732, 3806.2113668378574, 75.94544472415748, 6
684, 3482.7523410234353, Server_01, 4.3882382694953606, 4476.662405406403, 75.94544472415748, 5
685, 3486.0921714633564, Server_01, 4.694143310325732, 5875.217111437888, 75.94544472415748, 6
686, 3489.3735872589295, Server_01, 4.694143310325732, 6014.587789189347, 75.94544472415748, 6
687, 3502.2262012312517, Server_01, 4.9999536060530145, 3856.868109557966, 75.94544472415748, 7
688, 3507.304137466234, Server_01, 4.694143310325732, 3806.2384670971533, 75.94544472415748, 6
689, 3509.9037760548053, Server_01, 4.3882382694953606, 4787.308918770783, 75.94544472415748, 5
690, 3514.9055904387915, Server_01, 4.694143310325732, 4254.112165404841, 75.94544472415748, 6
691, 3519.8659158751766, Server_01, 4.694143310325732, 3952.709576592848, 75.94544472415748, 6
692, 3524.935567723561, Server_01, 4.694143310325732, 3812.530959334832, 75.94544472415748, 6
693, 3528.180505490369, Server_01, 4.3882382694953606, 3824.7030808694954, 75.94544472415748, 5
694, 3532.072263309337, Server_01, 4.694143310325732, 5471.491331359593, 75.94544472415748, 6
695, 3534.7712368806656, Server_01, 4.694143310325732, 7235.567819350361, 75.94544472415748, 6
696, 3547.3072479031534, Server_01, 4.9999536060530145, 4039.687495049363, 75.94544472415748, 7
697, 3552.3830273312224, Server_01, 4.694143310325732, 3807.874691506647, 75.94544472415748, 6
698, 3555.573208267863, Server_01, 4.3882382694953606, 4019.0666192885606, 75.94544472415748, 5
699, 3560.63171705933, Server_01, 4.694143310325732, 3954.5810074419232, 75.94544472415748, 6
700, 3565.665026990517, Server_01, 4.694143310325732, 3845.7730908803305, 75.94544472415748, 6
701, 3570.7248733581064, Server_01, 4.694143310325732, 3865.252215398442, 75.94544472415748, 6
702, 3575.418219379575, Server_01, 4.694143310325732, 4360.168991121575, 75.94544472415748, 6
703, 3579.457614209078, Server_01, 4.694143310325732, 4837.4168056884255, 75.94544472415748, 6
704, 3583.530098113921, Server_01, 4.694143310325732, 4759.663874541853, 75.94544472415748, 6
705, 3587.7273359354836, Server_01, 4.694143310325732, 4616.191832470265, 75.94544472415748, 6
706, 3591.771236727529, Server_01, 4.694143310325732, 4793.80035231286, 75.94544472415748, 6
707, 3596.205117257051, Server_01, 4.694143310325732, 4366.522263513538, 75.94544472415748, 6
708, 3600.6719441238374, Server_01, 4.694143310325732, 4333.88802652185, 75.94544472415748, 6
709, 3608.079733028636, Server_01, 4.694143310325732, 8188.87699791398, 75.94544472415748, 6
710, 3611.522183853378, Server_01, 4.9999536060530145, 8865.49494984406, 75.94544472415748, 7
711, 3616.311202746811, Server_01, 4.9999536060530145, 6343.395432515172, 75.94544472415748, 7
712, 3621.8594097069185, Server_01, 4.9999536060530145, 5464.817363619864, 75.94544472415748, 7
713, 3624.830811991954, Server_01, 4.694143310325732, 6844.267678289595, 75.94544472415748, 6
714, 3633.3195767334732, Server_01, 4.9999536060530145, 8745.795389396997, 75.94544472415748, 7
715, 3636.8582644621442, Server_01, 4.9999536060530145, 8696.118119969207, 75.94544472415748, 7
716, 3640.6609209769586, Server_01, 4.9999536060530145, 8089.541747458181, 75.94544472415748, 7
717, 3649.1419312644593, Server_01, 4.9999536060530145, 8765.611183716608, 75.94544472415748, 7
718, 3652.5843820892014, Server_01, 4.9999536060530145, 8865.49494984406, 75.94544472415748, 7
719, 3656.0268329139435, Server_01, 4.9999536060530145, 8865.49494984406, 75.94544472415748, 7
